28
 4
 33
 33
 5
 32
 34
 32
 32
 9
 19
 33
 34
 33
 9
 32
 34
 34
 34
 5
 37
 9
 9
 36
 33
 5
 33
 16
 5
 34
 9
 5
 19
 28
 8
 4
 36
 9
 34
 5
 32
 9
 36
 19
 9
 32
 4
 33
 36
 34
 33
 13
 34
 34
 9
 9
 9
 19
 19
 19
 36
 19
 1
 9
 19
 36
 9
 1
 24
 26
 33
 1
 33
 32
 16
 34
 1
 33
 9
 34
 34
 19
 32
 36
 34
 19
 34
 32
 19
 24
 9
 33
 19
 13
 22
 28
 33
 34
 9
 36
 20
 30
 19
 9
 32
 34
 13
 19
 34
 34
 36
 26
 32
 28
 32
 32
 33
 9
 34
 5
 9
 19
 34
 33
 34
 9
 34
 13
 33
 19
 9
 19
 5
 20
 34
 28
 33
 19
 4
 32
 19
 20
 37
 19
 37
 32
 19
 32
 21
 21
 16
 34
 33
 9
 22
 4
 20
 20
 9
 5
 27
 20
 32
 4
 36
 19
 20
 19
 33
 20
 28
 5
 9
 5
 16
 19
 19
 19
 13
 36
 34
 19
 28
 34
 19
 21
 19
 9
 19
 9
 37
 19
 37
 19
 34
 19
 33
 33
 5
 34
 37
 33
 9
 33
 34
 19
 5
 11
 28
 19
 19
 33
 18
 34
 34
 19
 19
 9
 36
 34
 19
 34
 36
 28
 19
 32
 33
 19
 33
 28
 13
 32
 36
 22
 22
 19
 34
 32
 9
 34
 19
 33
 33
 33
 32
 9
 36
 33
 32
 22
 9
 20
 32
 34
 32
 19
 32
 19
 13
 34
 33
 28
 4
 36
 20
 32
 36
 10
 33
 11
 9
 22
 13
 4
 19
 28
 9
 6
 19
 30
 36
 19
 34
 19
 13
 32
 9
 33
 34
 5
 34
 33
 3
 36
 33
 27
 9
 28
 29
 19
 28
 27
 32
 9
 34
 5
 5
 13
 19
 36
 19
 34
 28
 11
 0
 33
 34
 32
 33
 34
 0
 28
 27
 33
 36
 33
 9
 4
 4
 0
 29
 19
 26
 33
 28
 4
 9
 28
 34
 19
 4
 34
 34
 5
 9
 28
 34
 34
 28
 28
 5
 33
 5
 33
 0
 33
 32
 19
 33
 16
 4
 9
 9
 9
 34
 36
 4
 32
 33
 6
 9
 34
 9
 19
 32
 5
 16
 32
 6
 9
 8
 33
 33
 19
 34
 32
 28
 34
 19
 34
 34
 32
 33
 28
 9
 19
 19
 28
 34
 19
 5
 19
 33
 16
 20
 33
 19
 34
 20
 19
 16
 19
 8
 32
 19
 19
 9
 8
 36
 9
 19
 32
 30
 32
 34
 5
 33
 9
 20
 33
 19
 36
 4
 32
 9
 5
 34
 5
 20
 5
 19
 4
 9
 33
 32
 28
 0
 24
 19
 24
 3
 9
 24
 34
 3
 32
 5
 5
 9
 9
 34
 5
 34
 5
 33
 27
 5
 34
 27
 36
 24
 33
 0
 24
 3
 24
 34
 34
 24
 33
 30
 34
 24
 32
 19
 27
 33
 24
 28
 24
 32
 24
 5
 36
 34
 32
 27
 3
 19
 34
 24
 24
 32
 4
 10
 7
 24
 24
 27
 9
 34
 3
 34
 34
 0
 24
 5
 5
 7
 33
 4
 3
 4
 21
 33
 34
 36
 36
 9
 34
 36
 36
 24
 32
 24
 27
 24
 36
 34
 4
 34
 5
 33
 6
 34
 7
 24
 29
 3
 24
 7
 4
 7
 19
 34
 36
 9
 36
 9
 19
 38
 33
 33
 9
 33
 33
 33
 5
 32
 33
 33
 4
 33
 33
 36
 32
 36
 9
 5
 4
 36
 32
 36
 5
 34
 5
 9
 36
 33
 19
 9
 33
 36
 32
 29
 19
 5
 32
 33
 5
 11
 28
 33
 34
 19
 9
 36
 33
 38
 32
 32
 34
 33
 34
 5
 29
 4
 33
 5
 4
 34
 24
 19
 33
 9
 19
 32
 24
 19
 32
 32
 33
 32
 5
 4
 5
 32
 5
 36
 4
 34
 32
 36
 34
 6
 32
 28
 5
 5
 34
 34
 32
 28
 9
 9
 19
 33
 19
 28
 7
 33
 9
 9
 36
 32
 33
 32
 38
 5
 9
 19
 34
 34
 33
 28
 38
 19
 36
 5
 36
 19
 36
 29
 38
 29
 4
 34
 9
 10
 38
 5
 28
 9
 32
 9
 4
 5
 28
 26
 7
 28
 5
 34
 34
 9
 31
 26
 4
 34
 5
 32
 9
 5
 4
 5
 9
 32
 5
 4
 10
 9
 9
 10
 5
 29
 32
 5
 9
 36
 19
 5
 26
 28
 36
 32
 36
 5
 34
 4
 34
 9
 34
 34
 32
 9
 5
 32
 34
 34
 36
 34
 34
 28
 26
 9
 36
 28
 28
 9
 4
 29
 36
 33
 33
 38
 33
 32
 9
 36
 4
 34
 32
 19
 33
 28
 9
 33
 32
 34
 32
 4
 32
 5
 32
 34
 4
 32
 9
 34
 28
 16
 34
 36
 4
 34
 36
 33
 19
 32
 9
 34
 34
 5
 36
 34
 36
 32
 34
 4
 32
 9
 9
 10
 5
 33
 4
 28
 19
 28
 36
 36
 36
 38
 32
 19
 9
 28
 5
 18
 36
 9
 9
 9
 36
 32
 5
 33
 9
 32
 9
 5
 34
 32
 9
 19
 9
 5
 9
 4
 4
 9
 28
 28
 32
 18
 32
 33
 5
 36
 32
 28
 28
 4
 32
 19
 19
 32
 32
 36
 1
 33
 34
 19
 36
 9
 28
 4
 9
 34
 5
 9
 9
 32
 19
 36
 9
 32
 28
 32
 32
 32
 32
 33
 36
 19
 32
 28
 33
 5
 33
 28
 33
 4
 4
 32
 32
 33
 34
 32
 28
 33
 5
 28
 34
 9
 34
 33
 26
 9
 19
 34
 28
 9
 4
 29
 30
 9
 36
 34
 28
 36
 5
 33
 33
 2
 5
 5
 32
 19
 5
 9
 2
 19
 9
 33
 34
 19
 9
 2
 19
 33
 32
 2
 9
 33
 33
 34
 9
 34
 33
 36
 5
 5
 33
 2
 33
 32
 36
 4
 34
 34
 33
 34
 32
 33
 32
 9
 32
 34
 32
 4
 28
 33
 32
 9
 9
 33
 36
 34
 4
 32
 4
 39
 39
 39
 39
 39
 39
 34
 39
 18
 32
 9
 39
 19
 32
 32
 36
 33
 4
 5
 33
 33
 19
 33
 19
 26
 4
 9
 5
 33
 26
 26
 28
 32
 19
 36
 32
 33
 33
 28
 19
 9
 9
 4
 32
 33
 33
 4
 34
 34
 5
 19
 5
 34
 5
 5
 32
 9
 9
 19
 28
 5
 19
 33
 5
 5
 5
 34
 32
 33
 6
 9
 33
 9
 9
 33
 36
 9
 9
 32
 34
 32
 19
 33
 34
 34
 33
 36
 28
 28
 28
 34
 9
 34
 36
 34
 34
 19
 5
 33
 32
 1
 34
 19
 5
 24
 1
 9
 9
 34
 28
 4
 19
 33
 5
 19
 32
 16
 4
 34
 34
 34
 34
 9
 9
 4
 1
 19
 9
 31
 28
 9
 8
 36
 32
 5
 33
 32
 28
 13
 16
 34
 5
 18
 32
 32
 34
 5
 5
 9
 34
 19
 34
 10
 36
 31
 5
 21
 19
 32
 34
 34
 33
 4
 37
 21
 21
 19
 19
 19
 19
 19
 20
 28
 19
 34
 30
 34
 26
 20
 36
 8
 20
 19
 19
 32
 28
 34
 19
 8
 9
 18
 33
 34
 28
 19
 28
 19
 4
 19
 36
 33
 19
 28
 5
 32
 28
 11
 24
 3
 28
 32
 18
 19
 34
 34
 5
 19
 11
 33
 11
 34
 32
 36
 19
 5
 34
 33
 14
 19
 14
 22
 33
 36
 28
 18
 18
 19
 28
 24
 13
 36
 9
 28
 4
 22
 5
 0
 4
 28
 36
 0
 32
 9
 33
 34
 0
 32
 28
 5
 33
 33
 5
 9
 9
 18
 28
 24
 9
 5
 28
 5
 36
 33
 9
 33
 18
 4
 9
 32
 21
 36
 4
 33
 34
 19
 28
 34
 32
 4
 6
 6
 28
 9
 19
 33
 19
 5
 9
 19
 19
 19
 33
 36
 19
 34
 4
 24
 32
 0
 33
 19
 32
 19
 19
 9
 5
 34
 6
 5
 19
 8
 4
 19
 32
 19
 9
 30
 33
 36
 5
 32
 19
 33
 9
 30
 9
 8
 16
 33
 28
 19
 9
 34
 30
 32
 34
 5
 19
 32
 36
 33
 20
 9
 32
 4
 9
 20
 36
 33
 9
 34
 34
 20
 9
 21
 7
 24
 3
 36
 24
 24
 4
 9
 32
 4
 0
 9
 9
 24
 24
 24
 3
 20
 5
 4
 24
 4
 32
 33
 24
 36
 32
 24
 9
 5
 9
 7
 7
 33
 33
 9
 5
 36
 3
 33
 33
 5
 32
 5
 19
 19
 27
 36
 19
 9
 4
 36
 33
 32
 3
 24
 4
 4
 9
 4
 11
 34
 24
 9
 4
 34
 4
 24
 24
 32
 32
 24
 3
 32
 4
 34
 34
 24
 29
 32
 19
 19
 4
 24
 5
 33
 3
 24
 28
 34
 24
 9
 32
 19
 28
 36
 29
 34
 10
 29
 38
 9
 34
 4
 36
 33
 32
 34
 9
 34
 36
 36
 9
 5
 33
 34
 4
 32
 9
 32
 32
 34
 32
 5
 32
 5
 34
 33
 5
 33
 9
 33
 19
 32
 33
 33
 32
 19
 32
 33
 32
 28
 33
 32
 34
 4
 32
 34
 19
 32
 34
 5
 5
 5
 5
 9
 9
 34
 5
 28
 28
 32
 5
 5
 36
 32
 9
 32
 7
 5
 26
 28
 34
 9
 38
 32
 38
 33
 19
 36
 9
 34
 36
 9
 19
 5
 38
 32
 9
 26
 28
 28
 34
 7
 32
 32
 33
 4
 26
 9
 9
 34
 19
 28
 33
 5
 9
 19
 9
 32
 33
 32
 5
 36
 32
 32
 33
 9
 34
 34
 19
 32
 28
 19
 28
 5
 19
 5
 36
 4
 34
 36
 9
 16
 28
 9
 34
 36
 28
 36
 24
 19
 9
 29
 9
 9
 34
 4
 28
 19
 32
 34
 34
 33
 28
 32
 34
 32
 28
 36
 9
 33
 28
 34
 32
 34
 36
 19
 9
 32
 32
 9
 19
 36
 11
 33
 34
 34
 9
 33
 19
 9
 9
 34
 34
 33
 28
 24
 28
 9
 34
 33
 19
 36
 9
 34
 9
 31
 5
 9
 34
 33
 9
 33
 32
 28
 36
 9
 9
 33
 9
 34
 9
 19
 5
 9
 9
 33
 32
 19
 4
 4
 33
 6
 28
 34
 28
 33
 34
 32
 19
 19
 5
 33
 34
 4
 28
 9
 28
 29
 19
 28
 9
 9
 4
 32
 28
 32
 19
 33
 9
 34
 36
 5
 19
 36
 28
 19
 36
 28
 28
 32
 33
 34
 36
 36
 33
 4
 33
 34
 33
 9
 19
 33
 34
 5
 33
 36
 5
 4
 2
 28
 28
 32
 2
 34
 2
 32
 32
 19
 5
 4
 5
 5
 32
 5
 9
 32
 9
 33
 32
 34
 4
 34
 19
 28
 19
 5
 4
 32
 32
 32
 28
 4
 5
 4
 19
 34
 19
 32
 4
 4
 36
 32
 4
 9
 5
 5
 34
 29
 19
 34
 9
 5
 19
 5
 5
 