2170
0 0.970166 0 0 
0 0 0 0.999998 
1.0 0 0 0 
1.0 0 0 0 
0 0 0.999999 0 
1.0 0 0 0 
0 0 1.0 0 
0 0 1.0 0 
1.0 0 0 0 
0 0 1.0 0 
0 1.0 0 0 
1.0 0 0 0 
1.0 0 0 0 
1.0 0 0 0 
0.999619 0 0 0 
0 0.997976 0 0 
0 0.997976 0 0 
1.0 0 0 0 
1.0 0 0 0 
1.0 0 0 0 
0 0 0 0.999979 
1.0 0 0 0 
0.998442 0 0 0 
1.0 0 0 0 
1.0 0 0 0 
0 0 0 1.0 
0 0 0 1.0 
1.0 0 0 0 
1.0 0 0 0 
1.0 0 0 0 
1.0 0 0 0 
1.0 0 0 0 
0 0 0 0.888321 
0 0 0.999996 0 
1.0 0 0 0 
1.0 0 0 0 
1.0 0 0 0 
1.0 0 0 0 
0.999999 0 0 0 
0 0 0.999976 0 
0.809165 0 0 0 
0 0 0.999998 0 
0.999743 0 0 0 
1.0 0 0 0 
1.0 0 0 0 
1.0 0 0 0 
0 0 0 0.944318 
1.0 0 0 0 
1.0 0 0 0 
0 0 0 1.0 
1.0 0 0 0 
1.0 0 0 0 
0 0 0 1.0 
0 0 1.0 0 
0 0 0 1.0 
0.999994 0 0 0 
1.0 0 0 0 
1.0 0 0 0 
1.0 0 0 0 
1.0 0 0 0 
0 0 0.529261 0 
0 0 0.716052 0 
0 0 1.0 0 
1.0 0 0 0 
0.999946 0 0 0 
1.0 0 0 0 
1.0 0 0 0 
1.0 0 0 0 
1.0 0 0 0 
0.999198 0 0 0 
1.0 0 0 0 
1.0 0 0 0 
1.0 0 0 0 
1.0 0 0 0 
0 0.994204 0 0 
0.915423 0 0 0 
0.999996 0 0 0 
1.0 0 0 0 
1.0 0 0 0 
0.335972 0.663971 0 0 
1.0 0 0 0 
1.0 0 0 0 
0.999981 0 0 0 
1.0 0 0 0 
0 0 0.977992 0 
0 0 0 1.0 
1.0 0 0 0 
0 0 0 0.981404 
0 0.999927 0 0 
1.0 0 0 0 
0.97362 0 0 0 
0.999949 0 0 0 
0.999949 0 0 0 
1.0 0 0 0 
1.0 0 0 0 
0 0 0.968604 0 
0.95568 0 0 0 
0 0 1.0 0 
1.0 0 0 0 
0 0 0 0.996105 
0.774264 0 0 0 
1.0 0 0 0 
0 0 0.999998 0 
1.0 0 0 0 
0.968428 0 0 0 
1.0 0 0 0 
1.0 0 0 0 
0 0 0 1.0 
0 0 1.0 0 
1.0 0 0 0 
0.999973 0 0 0 
0.999942 0 0 0 
0.999777 0 0 0 
1.0 0 0 0 
0 0 0 0.999997 
1.0 0 0 0 
1.0 0 0 0 
1.0 0 0 0 
1.0 0 0 0 
1.0 0 0 0 
1.0 0 0 0 
0 0.551107 0 0 
1.0 0 0 0 
0 0 0.999997 0 
1.0 0 0 0 
1.0 0 0 0 
0.996374 0 0 0 
1.0 0 0 0 
0.979839 0 0 0 
0 0 1.0 0 
0 0.954912 0 0 
1.0 0 0 0 
1.0 0 0 0 
0.99992 0 0 0 
0 0.999997 0 0 
0 0 0 0.999943 
0 0 0 0.999943 
0 0 0 1.0 
1.0 0 0 0 
1.0 0 0 0 
1.0 0 0 0 
1.0 0 0 0 
0.796843 0 0 0 
1.0 0 0 0 
0 0.999961 0 0 
0.374313 0.502708 0 0 
0.999995 0 0 0 
1.0 0 0 0 
0 0 0 1.0 
0.883942 0 0 0 
0.99974 0 0 0 
0 1.0 0 0 
1.0 0 0 0 
1.0 0 0 0 
1.0 0 0 0 
1.0 0 0 0 
0 0 0 1.0 
1.0 0 0 0 
0 0.996187 0 0 
1.0 0 0 0 
1.0 0 0 0 
1.0 0 0 0 
1.0 0 0 0 
1.0 0 0 0 
1.0 0 0 0 
0.605627 0.389005 0 0 
1.0 0 0 0 
1.0 0 0 0 
0 0 0 0.985017 
0 0 0 0.985017 
0 1.0 0 0 
0 0 0.999764 0 
0 0.552968 0 0.446763 
0 0 0 0.997821 
0 0 0 1.0 
1.0 0 0 0 
1.0 0 0 0 
1.0 0 0 0 
1.0 0 0 0 
1.0 0 0 0 
1.0 0 0 0 
0 0 0 1.0 
0.999984 0 0 0 
0 0 1.0 0 
1.0 0 0 0 
0.998208 0 0 0 
0.999999 0 0 0 
1.0 0 0 0 
1.0 0 0 0 
1.0 0 0 0 
0.944404 0 0 0 
1.0 0 0 0 
1.0 0 0 0 
1.0 0 0 0 
1.0 0 0 0 
0.999995 0 0 0 
1.0 0 0 0 
0 0 0 0.999989 
0.999353 0 0 0 
0 0 0 0.969226 
0 1.0 0 0 
1.0 0 0 0 
0 1.0 0 0 
0 1.0 0 0 
1.0 0 0 0 
1.0 0 0 0 
1.0 0 0 0 
1.0 0 0 0 
1.0 0 0 0 
1.0 0 0 0 
0 0 0.999999 0 
0.745961 0 0 0 
1.0 0 0 0 
1.0 0 0 0 
1.0 0 0 0 
1.0 0 0 0 
0 0 0.973098 0 
0.999994 0 0 0 
0.999997 0 0 0 
1.0 0 0 0 
1.0 0 0 0 
1.0 0 0 0 
1.0 0 0 0 
0 0 0 1.0 
0.999993 0 0 0 
0 0 0 1.0 
1.0 0 0 0 
1.0 0 0 0 
0 0 0 0.980744 
1.0 0 0 0 
0 0 0.994319 0 
0.957387 0 0 0 
1.0 0 0 0 
1.0 0 0 0 
0 0 1.0 0 
1.0 0 0 0 
0 0 0 0.999846 
0.96929 0 0 0 
1.0 0 0 0 
0 0.999799 0 0 
1.0 0 0 0 
0.999992 0 0 0 
1.0 0 0 0 
0 0 0 1.0 
1.0 0 0 0 
0.999964 0 0 0 
0 0 0.999993 0 
0.881946 0 0 0 
0 0 0.999951 0 
0.992504 0 0 0 
0.999978 0 0 0 
1.0 0 0 0 
0.999998 0 0 0 
0 0 0.981481 0 
1.0 0 0 0 
1.0 0 0 0 
0 0 1.0 0 
0 0.997077 0 0 
0.999767 0 0 0 
0.965205 0 0 0 
0 0 0 1.0 
0 0 0 1.0 
1.0 0 0 0 
1.0 0 0 0 
0.999385 0 0 0 
1.0 0 0 0 
1.0 0 0 0 
1.0 0 0 0 
1.0 0 0 0 
0 0 0.999421 0 
1.0 0 0 0 
1.0 0 0 0 
1.0 0 0 0 
1.0 0 0 0 
0.997962 0 0 0 
1.0 0 0 0 
0 0 1.0 0 
1.0 0 0 0 
0 0 0 1.0 
1.0 0 0 0 
1.0 0 0 0 
0.98726 0 0 0 
1.0 0 0 0 
1.0 0 0 0 
0 0 1.0 0 
1.0 0 0 0 
1.0 0 0 0 
1.0 0 0 0 
0 0 0 0.999999 
1.0 0 0 0 
0 0 0.999999 0 
0 0 0.999993 0 
0.973155 0 0 0 
0 0 0 0.993474 
1.0 0 0 0 
1.0 0 0 0 
0.973235 0 0 0 
0 0 0.999999 0 
1.0 0 0 0 
0 0 0 0.988738 
0 0 0 1.0 
1.0 0 0 0 
0.99999 0 0 0 
0 0 0 1.0 
1.0 0 0 0 
1.0 0 0 0 
0.946667 0 0 0 
1.0 0 0 0 
1.0 0 0 0 
0.999997 0 0 0 
1.0 0 0 0 
0 0.996284 0 0 
1.0 0 0 0 
1.0 0 0 0 
1.0 0 0 0 
0 0.999999 0 0 
1.0 0 0 0 
1.0 0 0 0 
0.999562 0 0 0 
0.664366 0 0.334009 0 
1.0 0 0 0 
1.0 0 0 0 
1.0 0 0 0 
1.0 0 0 0 
1.0 0 0 0 
1.0 0 0 0 
1.0 0 0 0 
1.0 0 0 0 
1.0 0 0 0 
0 0.978138 0 0 
1.0 0 0 0 
1.0 0 0 0 
0 0 1.0 0 
0 0 0 0.999859 
1.0 0 0 0 
0 0 0 1.0 
0.373996 0.560811 0 0 
0.373996 0.560811 0 0 
1.0 0 0 0 
1.0 0 0 0 
1.0 0 0 0 
0 0.807948 0 0 
0 1.0 0 0 
0.999999 0 0 0 
1.0 0 0 0 
1.0 0 0 0 
0 0 0 1.0 
0 0.998157 0 0 
0 0 0 1.0 
0 0 0.999029 0 
1.0 0 0 0 
1.0 0 0 0 
1.0 0 0 0 
0.999482 0 0 0 
0.999992 0 0 0 
0 0 0.967133 0 
1.0 0 0 0 
0 0.996997 0 0 
1.0 0 0 0 
1.0 0 0 0 
0 0 0.999986 0 
1.0 0 0 0 
0 1.0 0 0 
1.0 0 0 0 
0 0.996997 0 0 
0 0 0 0.999999 
0 0 0 0.972201 
1.0 0 0 0 
0.999858 0 0 0 
1.0 0 0 0 
0.999514 0 0 0 
1.0 0 0 0 
0 0 0.999998 0 
1.0 0 0 0 
1.0 0 0 0 
1.0 0 0 0 
0.9999 0 0 0 
1.0 0 0 0 
0 0 1.0 0 
0.997872 0 0 0 
1.0 0 0 0 
1.0 0 0 0 
1.0 0 0 0 
0.999828 0 0 0 
0 1.0 0 0 
1.0 0 0 0 
1.0 0 0 0 
1.0 0 0 0 
1.0 0 0 0 
1.0 0 0 0 
0 0 0 1.0 
0.998941 0 0 0 
0.994326 0 0 0 
0 0.999379 0 0 
0 0.999379 0 0 
0 0.999379 0 0 
0 0.999379 0 0 
1.0 0 0 0 
1.0 0 0 0 
1.0 0 0 0 
1.0 0 0 0 
1.0 0 0 0 
1.0 0 0 0 
0.999456 0 0 0 
1.0 0 0 0 
1.0 0 0 0 
1.0 0 0 0 
1.0 0 0 0 
1.0 0 0 0 
1.0 0 0 0 
0 0 0.47293 0.390166 
0 0.31329 0.68671 0 
1.0 0 0 0 
1.0 0 0 0 
0.815304 0 0 0 
0.93435 0 0 0 
1.0 0 0 0 
1.0 0 0 0 
0.999905 0 0 0 
0 0 1.0 0 
1.0 0 0 0 
0 0 0 1.0 
0.996394 0 0 0 
1.0 0 0 0 
0.391521 0 0 0.505438 
1.0 0 0 0 
0 1.0 0 0 
1.0 0 0 0 
1.0 0 0 0 
0 1.0 0 0 
1.0 0 0 0 
0 0 0.999944 0 
0 0.999999 0 0 
1.0 0 0 0 
1.0 0 0 0 
0 0 0.999944 0 
0 0 1.0 0 
0 0 0 1.0 
1.0 0 0 0 
1.0 0 0 0 
1.0 0 0 0 
1.0 0 0 0 
1.0 0 0 0 
0 0 1.0 0 
0.996893 0 0 0 
0 0 0 1.0 
0 0 0 1.0 
0 0 0 1.0 
0 0 0 1.0 
1.0 0 0 0 
0.540218 0 0.457914 0 
0 0.999999 0 0 
1.0 0 0 0 
0 0 0 0.742104 
1.0 0 0 0 
0 0.91415 0 0 
1.0 0 0 0 
0 0 0 0.999767 
1.0 0 0 0 
1.0 0 0 0 
1.0 0 0 0 
1.0 0 0 0 
1.0 0 0 0 
0 0.378561 0.621385 0 
0.992388 0 0 0 
0 0 0 0.99995 
0 0 1.0 0 
1.0 0 0 0 
0 0 0.999975 0 
0 0 0.999996 0 
1.0 0 0 0 
1.0 0 0 0 
1.0 0 0 0 
1.0 0 0 0 
1.0 0 0 0 
0.999997 0 0 0 
1.0 0 0 0 
0 0.999957 0 0 
1.0 0 0 0 
1.0 0 0 0 
1.0 0 0 0 
1.0 0 0 0 
0.999946 0 0 0 
0.7526 0 0 0 
1.0 0 0 0 
1.0 0 0 0 
0 0 0 0.733438 
1.0 0 0 0 
0.995921 0 0 0 
0 0 0.999998 0 
1.0 0 0 0 
1.0 0 0 0 
1.0 0 0 0 
0.999744 0 0 0 
0 0 0 0.956106 
1.0 0 0 0 
1.0 0 0 0 
0 1.0 0 0 
0 0 1.0 0 
0 0 1.0 0 
0 0 0 1.0 
1.0 0 0 0 
0 0 0 0.999991 
0 0 0.999999 0 
0 0.996331 0 0 
0 0 0 1.0 
1.0 0 0 0 
1.0 0 0 0 
1.0 0 0 0 
0 0 0 0.999999 
0.999758 0 0 0 
1.0 0 0 0 
1.0 0 0 0 
1.0 0 0 0 
1.0 0 0 0 
1.0 0 0 0 
0 0 0 0.931287 
0 1.0 0 0 
1.0 0 0 0 
1.0 0 0 0 
0 0 0.999997 0 
1.0 0 0 0 
0 0 0 1.0 
0 0 0 1.0 
0.993255 0 0 0 
1.0 0 0 0 
1.0 0 0 0 
0.999794 0 0 0 
0 0 0 0.969269 
0 0 0 1.0 
0 0 0.99997 0 
0 0 0 0.914643 
0.968492 0 0 0 
0 0 0 1.0 
1.0 0 0 0 
0 0 0 1.0 
0 0 0 0.878632 
0.999999 0 0 0 
1.0 0 0 0 
0 0 0.999999 0 
1.0 0 0 0 
0 0 1.0 0 
0 0 0 1.0 
0.999971 0 0 0 
0 0 0 1.0 
0 0 1.0 0 
1.0 0 0 0 
0 0 0 1.0 
0.999999 0 0 0 
0 0.660207 0 0.330266 
0.999503 0 0 0 
0 0.927885 0 0 
0.996605 0 0 0 
1.0 0 0 0 
0 0 0 0.991647 
1.0 0 0 0 
1.0 0 0 0 
1.0 0 0 0 
1.0 0 0 0 
0 1.0 0 0 
0 0 0 0.761548 
0 1.0 0 0 
0 0.61396 0 0 
0 1.0 0 0 
0 1.0 0 0 
0 1.0 0 0 
0 1.0 0 0 
0 0.999626 0 0 
0 1.0 0 0 
0 0 0 1.0 
0 1.0 0 0 
0 0 0 1.0 
0 1.0 0 0 
1.0 0 0 0 
0 1.0 0 0 
0.895655 0 0 0 
0 0 1.0 0 
0 1.0 0 0 
0 1.0 0 0 
0 0 1.0 0 
0.982992 0 0 0 
0.999997 0 0 0 
0 1.0 0 0 
0 1.0 0 0 
0 1.0 0 0 
1.0 0 0 0 
0 0.992493 0 0 
0 1.0 0 0 
0 1.0 0 0 
0 1.0 0 0 
0 1.0 0 0 
0 1.0 0 0 
0 1.0 0 0 
0 0 1.0 0 
0 1.0 0 0 
0 1.0 0 0 
0 0.900042 0 0 
0 1.0 0 0 
0 0.999999 0 0 
0 0.99986 0 0 
0 1.0 0 0 
0 1.0 0 0 
0 1.0 0 0 
0 0.999993 0 0 
0.999998 0 0 0 
0 1.0 0 0 
1.0 0 0 0 
0 1.0 0 0 
0 1.0 0 0 
0 0 0 0.877297 
0 0 0 1.0 
0 0 0 0.877297 
0 1.0 0 0 
0 0.98974 0 0 
0 1.0 0 0 
0 0.999858 0 0 
0 0.316046 0.683954 0 
0 0.99985 0 0 
0 1.0 0 0 
0 1.0 0 0 
0 1.0 0 0 
0 1.0 0 0 
0 1.0 0 0 
0.999656 0 0 0 
0 1.0 0 0 
0 1.0 0 0 
0 1.0 0 0 
0 1.0 0 0 
0 1.0 0 0 
0 1.0 0 0 
0 1.0 0 0 
0 1.0 0 0 
0 1.0 0 0 
0 1.0 0 0 
0 1.0 0 0 
0.999906 0 0 0 
0 1.0 0 0 
0 1.0 0 0 
0 0 1.0 0 
0 1.0 0 0 
0 1.0 0 0 
0 1.0 0 0 
0 1.0 0 0 
0 1.0 0 0 
0 1.0 0 0 
0 1.0 0 0 
0 0.999992 0 0 
0 1.0 0 0 
0 1.0 0 0 
0 1.0 0 0 
0 0 0.998617 0 
0.999823 0 0 0 
0 0 1.0 0 
0 1.0 0 0 
0 0 0 1.0 
0 0 0 1.0 
0 0 0 1.0 
0 0.99999 0 0 
0 0 0 0.999991 
0 0 0 1.0 
0 0 1.0 0 
0 1.0 0 0 
0 0.443461 0.556538 0 
0 0.722851 0 0 
1.0 0 0 0 
0 1.0 0 0 
1.0 0 0 0 
0 0 0.943262 0 
0 1.0 0 0 
0.999818 0 0 0 
0 0 0.943262 0 
0 0 0.943262 0 
0 0 1.0 0 
0 0.997836 0 0 
0 1.0 0 0 
0 0 0 1.0 
1.0 0 0 0 
0.996706 0 0 0 
0 1.0 0 0 
0 1.0 0 0 
0 0.999523 0 0 
0.999951 0 0 0 
0 0 0 0.858799 
0 1.0 0 0 
0 1.0 0 0 
0 1.0 0 0 
0 1.0 0 0 
0 0 0 1.0 
0 1.0 0 0 
0 0.999996 0 0 
0 1.0 0 0 
0 0 0 0.997619 
0 1.0 0 0 
0.999981 0 0 0 
0 1.0 0 0 
0 1.0 0 0 
0 1.0 0 0 
0 1.0 0 0 
0 1.0 0 0 
0 1.0 0 0 
0 0 1.0 0 
0 0.999996 0 0 
0 1.0 0 0 
0 1.0 0 0 
0 1.0 0 0 
0 1.0 0 0 
0 0 0 1.0 
0 1.0 0 0 
0 1.0 0 0 
0 1.0 0 0 
0 1.0 0 0 
0 1.0 0 0 
1.0 0 0 0 
0 0 0 0.770137 
0 1.0 0 0 
0 0 0 1.0 
0 0.999996 0 0 
0 1.0 0 0 
0 1.0 0 0 
0 1.0 0 0 
0 0 0 0.999937 
0 1.0 0 0 
0 1.0 0 0 
0 0 0 1.0 
0 1.0 0 0 
0 1.0 0 0 
0 0 0 0.999977 
0 0.999999 0 0 
0 1.0 0 0 
0 1.0 0 0 
0.999999 0 0 0 
0 1.0 0 0 
0 0.998899 0 0 
0 1.0 0 0 
0 1.0 0 0 
0 1.0 0 0 
0 1.0 0 0 
0 0.928474 0 0 
0 1.0 0 0 
0 1.0 0 0 
0 1.0 0 0 
0 1.0 0 0 
0 1.0 0 0 
0 1.0 0 0 
0 1.0 0 0 
0 1.0 0 0 
0 1.0 0 0 
0 1.0 0 0 
0 1.0 0 0 
0 0.94383 0 0 
0 1.0 0 0 
0 1.0 0 0 
0 1.0 0 0 
0 0 0 1.0 
0 1.0 0 0 
0 0 0.997643 0 
0 0 1.0 0 
0 0.999999 0 0 
0 1.0 0 0 
0 1.0 0 0 
0 0.986412 0 0 
0 1.0 0 0 
0 1.0 0 0 
0 1.0 0 0 
0 1.0 0 0 
0 1.0 0 0 
0 0 0 1.0 
0 1.0 0 0 
0 1.0 0 0 
0 1.0 0 0 
0 1.0 0 0 
0 1.0 0 0 
0 1.0 0 0 
0 1.0 0 0 
0 0.982137 0 0 
0 1.0 0 0 
0 0 1.0 0 
0 1.0 0 0 
0 1.0 0 0 
1.0 0 0 0 
0 1.0 0 0 
0 1.0 0 0 
0 1.0 0 0 
0 1.0 0 0 
0 1.0 0 0 
0.467987 0.486627 0 0 
0 0 0.742513 0 
0 1.0 0 0 
0 1.0 0 0 
0 0.948263 0 0 
0 1.0 0 0 
0 1.0 0 0 
0 1.0 0 0 
0 1.0 0 0 
0 1.0 0 0 
0 1.0 0 0 
0 1.0 0 0 
0 0.999941 0 0 
0 1.0 0 0 
1.0 0 0 0 
0 1.0 0 0 
0 1.0 0 0 
0 1.0 0 0 
0 1.0 0 0 
0 1.0 0 0 
0 1.0 0 0 
0.952087 0 0 0 
0 1.0 0 0 
0 1.0 0 0 
0 1.0 0 0 
0 1.0 0 0 
0.594868 0.366167 0 0 
0 1.0 0 0 
0 1.0 0 0 
0 1.0 0 0 
0 1.0 0 0 
0 1.0 0 0 
0 1.0 0 0 
0 1.0 0 0 
0.999982 0 0 0 
0 0 0.997554 0 
0 1.0 0 0 
0 1.0 0 0 
0 1.0 0 0 
0 1.0 0 0 
0 1.0 0 0 
0 0.999997 0 0 
0 1.0 0 0 
0 1.0 0 0 
0 0.984877 0 0 
0 1.0 0 0 
0 1.0 0 0 
1.0 0 0 0 
0 1.0 0 0 
0 0.981342 0 0 
0 0 1.0 0 
0 1.0 0 0 
0 1.0 0 0 
0 1.0 0 0 
0 0 0.51133 0.48867 
0 1.0 0 0 
0 1.0 0 0 
0 1.0 0 0 
0 1.0 0 0 
0 1.0 0 0 
0 1.0 0 0 
0 1.0 0 0 
0 1.0 0 0 
0 1.0 0 0 
0 0 1.0 0 
1.0 0 0 0 
0 1.0 0 0 
0 1.0 0 0 
0 1.0 0 0 
0 0.90703 0 0 
0 0 1.0 0 
0 0 0 1.0 
0 0 1.0 0 
0 1.0 0 0 
0 1.0 0 0 
0 1.0 0 0 
0 1.0 0 0 
0 1.0 0 0 
0 0.999994 0 0 
0 0.999801 0 0 
0 1.0 0 0 
0 1.0 0 0 
0 1.0 0 0 
0 1.0 0 0 
0 1.0 0 0 
0 0 0 0.974311 
0 1.0 0 0 
0 1.0 0 0 
0 1.0 0 0 
0 1.0 0 0 
0 1.0 0 0 
0 0.999933 0 0 
0.999801 0 0 0 
0.999801 0 0 0 
0 0 0.99927 0 
0 1.0 0 0 
0 1.0 0 0 
0 1.0 0 0 
0 1.0 0 0 
0 1.0 0 0 
0 1.0 0 0 
0 1.0 0 0 
0 1.0 0 0 
0 0.999942 0 0 
0 0 1.0 0 
0 1.0 0 0 
0 0 0 1.0 
0 1.0 0 0 
0 0 0.990708 0 
0 1.0 0 0 
1.0 0 0 0 
0 1.0 0 0 
0 1.0 0 0 
0 1.0 0 0 
0 0.316046 0.683954 0 
0 0 0.99971 0 
0 1.0 0 0 
0 0.99943 0 0 
0 0 0 1.0 
0 1.0 0 0 
0 1.0 0 0 
0 1.0 0 0 
0 1.0 0 0 
0 1.0 0 0 
0.833937 0 0 0 
0 1.0 0 0 
0 1.0 0 0 
0 1.0 0 0 
0 1.0 0 0 
0 1.0 0 0 
0.372259 0.62769 0 0 
0 0 1.0 0 
0 1.0 0 0 
0 1.0 0 0 
0 1.0 0 0 
0 1.0 0 0 
0 0 0.99813 0 
0 1.0 0 0 
0.378981 0.619303 0 0 
0 0 1.0 0 
0 1.0 0 0 
0 1.0 0 0 
0 0 1.0 0 
0 1.0 0 0 
0 1.0 0 0 
0 1.0 0 0 
0 1.0 0 0 
0 1.0 0 0 
0.969875 0 0 0 
0 1.0 0 0 
0 1.0 0 0 
0.999999 0 0 0 
0 1.0 0 0 
0 1.0 0 0 
0 1.0 0 0 
0 1.0 0 0 
0.987198 0 0 0 
0 1.0 0 0 
0 1.0 0 0 
0 0 1.0 0 
0.999982 0 0 0 
0 1.0 0 0 
0 1.0 0 0 
0 0 0.982669 0 
0.997926 0 0 0 
0 1.0 0 0 
0 1.0 0 0 
0 1.0 0 0 
0 0 1.0 0 
0 1.0 0 0 
0.995641 0 0 0 
0 1.0 0 0 
0 1.0 0 0 
0 1.0 0 0 
0 0.999989 0 0 
0 0 1.0 0 
0 0 0 1.0 
0 0.998121 0 0 
0 0 0 0.985494 
0 1.0 0 0 
0 0 0 1.0 
0 1.0 0 0 
0 0.999999 0 0 
0 1.0 0 0 
0 0 0 0.999996 
0 1.0 0 0 
0 0 1.0 0 
0 1.0 0 0 
0.999647 0 0 0 
0 0 1.0 0 
0 1.0 0 0 
0 0 0 0.947853 
0 0.646374 0 0.353626 
0 1.0 0 0 
0 1.0 0 0 
0 1.0 0 0 
0 1.0 0 0 
0 1.0 0 0 
0 0 0 0.999908 
0 1.0 0 0 
0 0.999995 0 0 
0 0 1.0 0 
0 1.0 0 0 
0 1.0 0 0 
0.999934 0 0 0 
0 0 0.999287 0 
0 1.0 0 0 
0 0.999962 0 0 
0 1.0 0 0 
0 1.0 0 0 
0 1.0 0 0 
0 1.0 0 0 
0 1.0 0 0 
0.998188 0 0 0 
0 0 1.0 0 
0 0.999994 0 0 
1.0 0 0 0 
0 1.0 0 0 
0 0 1.0 0 
0 0 1.0 0 
0 1.0 0 0 
0 1.0 0 0 
0 0 0.830912 0 
0 0 0 1.0 
0 0 1.0 0 
0 0 0 1.0 
0 0 0 1.0 
0 0 0.999999 0 
0 0 0.999574 0 
0 0 0.543399 0 
0 0 1.0 0 
0 1.0 0 0 
0 1.0 0 0 
0 1.0 0 0 
0 1.0 0 0 
0 1.0 0 0 
0 1.0 0 0 
0 0 0.797202 0 
0 0 0 0.99999 
0 1.0 0 0 
0 1.0 0 0 
0.997425 0 0 0 
1.0 0 0 0 
0 0.393602 0 0.606398 
0 0.999964 0 0 
0 1.0 0 0 
0 0 0 0.999992 
0 0 0 1.0 
0 1.0 0 0 
0 0 1.0 0 
0 1.0 0 0 
0 0.999894 0 0 
0 1.0 0 0 
0 1.0 0 0 
0.999989 0 0 0 
0 0 0 0.999412 
0 0 0 0.999412 
0 0 0 1.0 
0 1.0 0 0 
0 0 0 1.0 
0 1.0 0 0 
0 1.0 0 0 
0 1.0 0 0 
0 1.0 0 0 
0 0 0 0.999882 
0 1.0 0 0 
0 0 0.917464 0 
0 1.0 0 0 
0 1.0 0 0 
0 0.998658 0 0 
0 0 1.0 0 
0 1.0 0 0 
0 0 0 0.999995 
0 1.0 0 0 
0 1.0 0 0 
0 1.0 0 0 
0 0 0.995659 0 
0 0 0 1.0 
0 0 0.995659 0 
0 1.0 0 0 
0 1.0 0 0 
0 1.0 0 0 
0 1.0 0 0 
0 0 0 1.0 
0 0.873321 0 0 
0 0 0.996403 0 
0 1.0 0 0 
0 0 1.0 0 
0 1.0 0 0 
0 0 0 1.0 
0 0 0.978178 0 
0 0 0.978178 0 
0 1.0 0 0 
0 0 1.0 0 
0 0 0.987874 0 
0 0 0.987874 0 
0.999776 0 0 0 
0 0 0 1.0 
0.99802 0 0 0 
0.987917 0 0 0 
0.987917 0 0 0 
0 0.998842 0 0 
0 0 1.0 0 
0 0 1.0 0 
0 1.0 0 0 
0 1.0 0 0 
0 0 0.997672 0 
0.999996 0 0 0 
0 0.495359 0.504334 0 
0 0 0.999999 0 
0.983772 0 0 0 
0 0 0.809357 0 
0 0.99998 0 0 
0 1.0 0 0 
0 1.0 0 0 
0 0.999833 0 0 
0 0 0.789461 0 
0 0.3072 0.63944 0 
0 0.999998 0 0 
0 1.0 0 0 
0 0 0.722693 0 
0 0 1.0 0 
0 0 0.30758 0.692419 
0 0 0 0.92232 
0 0 0.999998 0 
0 0 1.0 0 
1.0 0 0 0 
0 0 1.0 0 
0 1.0 0 0 
0 0 1.0 0 
0 0 1.0 0 
0 0 1.0 0 
0 0 1.0 0 
0 0 1.0 0 
0 0 1.0 0 
0 0.868807 0 0 
0 0 0 0.999182 
0 0 1.0 0 
0 0 1.0 0 
0 0.99931 0 0 
0 0.984168 0 0 
0 0 1.0 0 
0 0 1.0 0 
0 0.986624 0 0 
0 0 1.0 0 
0 0.999999 0 0 
0 0 1.0 0 
0 0 0 1.0 
0 0 1.0 0 
0 0 1.0 0 
0 0 1.0 0 
0 0.999976 0 0 
0 0 0 0.938954 
0 0 0 1.0 
0 0.999994 0 0 
0 0 0 1.0 
0 0 0 1.0 
0.999999 0 0 0 
0 0 1.0 0 
0 0 0.903259 0 
0 0 0.99156 0 
0 0 0.99156 0 
0 0 1.0 0 
0 0 1.0 0 
0 0 0.99998 0 
0 0 0 1.0 
0 0 1.0 0 
0 0 0.999861 0 
0 0 1.0 0 
0 0 0 0.994743 
1.0 0 0 0 
0 0 1.0 0 
0 0 1.0 0 
1.0 0 0 0 
0 0 0.999999 0 
0 0 1.0 0 
0 0 1.0 0 
0 0.363782 0.636217 0 
0 0 1.0 0 
0.998135 0 0 0 
0 0 1.0 0 
0 0 1.0 0 
0 0 1.0 0 
0 0 1.0 0 
0 0 0.78339 0 
0 0 0 0.992272 
0.995559 0 0 0 
0 0 0 0.997896 
0.999999 0 0 0 
0 0 1.0 0 
0 0 1.0 0 
1.0 0 0 0 
0 0 1.0 0 
0 0 1.0 0 
0 0 0 1.0 
0 0 1.0 0 
0 0 1.0 0 
0 0 1.0 0 
0 0 1.0 0 
0 0 1.0 0 
0 0 1.0 0 
0.999929 0 0 0 
0 0 0.998466 0 
0 1.0 0 0 
0 0 1.0 0 
0 0 1.0 0 
1.0 0 0 0 
0 0 0.999992 0 
0 0 0.78339 0 
0.999998 0 0 0 
0 0 1.0 0 
0 0 1.0 0 
1.0 0 0 0 
1.0 0 0 0 
1.0 0 0 0 
0 0 0.999995 0 
0.999999 0 0 0 
0 0 0.99946 0 
1.0 0 0 0 
0 0 1.0 0 
0 0 1.0 0 
0 0 1.0 0 
0 0 1.0 0 
0 0 1.0 0 
0.999997 0 0 0 
0 0 0 1.0 
0 0 1.0 0 
0 0 1.0 0 
0 0 0 0.981149 
1.0 0 0 0 
0.999965 0 0 0 
0.940551 0 0 0 
0 0 1.0 0 
0 0 0.926602 0 
0 0 0.998048 0 
0 0 1.0 0 
0 0.938716 0 0 
0 0 1.0 0 
0 0 1.0 0 
0 0 1.0 0 
0 0 1.0 0 
0 0 1.0 0 
0 0 1.0 0 
0 0 1.0 0 
0 0 1.0 0 
0 0 1.0 0 
0 0 0 1.0 
0 0 1.0 0 
0.990155 0 0 0 
0 0 1.0 0 
0 0 0.996149 0 
0 0 1.0 0 
0 0 1.0 0 
0 0 1.0 0 
0 0 1.0 0 
0 0 1.0 0 
0 0 1.0 0 
0 0 1.0 0 
0 0 1.0 0 
0 0 0.983971 0 
0 0 1.0 0 
0 0 1.0 0 
1.0 0 0 0 
0 0 1.0 0 
0 0 1.0 0 
0 0 1.0 0 
0 0 1.0 0 
0 0 1.0 0 
0 0.979103 0 0 
0 0 1.0 0 
0 0 0.999689 0 
0 0 1.0 0 
0 0 1.0 0 
0 0 1.0 0 
0 0 1.0 0 
0 0 1.0 0 
0 0 1.0 0 
0 0 0.999996 0 
0 0 1.0 0 
0.999993 0 0 0 
0.999466 0 0 0 
0 0 1.0 0 
0 0 1.0 0 
0 0 1.0 0 
0 0 1.0 0 
0 0 1.0 0 
0 1.0 0 0 
0 0 1.0 0 
0 0 0 1.0 
0 0 1.0 0 
0 0 1.0 0 
0 0 1.0 0 
0 0 1.0 0 
0 0 1.0 0 
0 0 0 0.969751 
0 0 1.0 0 
0 0 1.0 0 
0 0 1.0 0 
0 0.99961 0 0 
0 0 1.0 0 
0 0 1.0 0 
0 0 1.0 0 
0 0 1.0 0 
0 0 1.0 0 
0 0 1.0 0 
0 0 1.0 0 
0 0.903718 0 0 
0 0 1.0 0 
0 0 1.0 0 
0 0 1.0 0 
0 0 0.998943 0 
0 0 1.0 0 
0 0 1.0 0 
0 0 1.0 0 
0 1.0 0 0 
0 0 1.0 0 
0 0 1.0 0 
0 0 1.0 0 
0 0 0.999994 0 
0 0.999458 0 0 
0 0 1.0 0 
0 0 1.0 0 
0.999954 0 0 0 
0 0.999999 0 0 
0 0 1.0 0 
0 0 1.0 0 
0 0 1.0 0 
0 0 1.0 0 
1.0 0 0 0 
0 0 1.0 0 
0 0 1.0 0 
0 0 1.0 0 
0 0 1.0 0 
0 0 1.0 0 
0 0 1.0 0 
0 0 1.0 0 
0 0 0.668743 0.331257 
0 0 1.0 0 
0 0 0.999999 0 
0 0 0.999597 0 
0 1.0 0 0 
0 0 1.0 0 
0 0 0.999996 0 
0 0 1.0 0 
0.866178 0 0 0 
0 0 0.999958 0 
0 0 0 1.0 
0 0 1.0 0 
0 0 1.0 0 
0 0 1.0 0 
0 0 0.999996 0 
0 0 1.0 0 
0 1.0 0 0 
1.0 0 0 0 
0 0 0.999297 0 
0 0 1.0 0 
0 0 1.0 0 
0 1.0 0 0 
0 0 1.0 0 
0 0 1.0 0 
0 0 1.0 0 
0 0 1.0 0 
0 0 1.0 0 
0 0 1.0 0 
0 0 1.0 0 
0 0 1.0 0 
0 0 1.0 0 
0 0.947782 0 0 
0 0 1.0 0 
0 0 1.0 0 
0 0 1.0 0 
0 0 1.0 0 
0 0 1.0 0 
0 1.0 0 0 
0 0 0.99781 0 
0 0 1.0 0 
0 0 1.0 0 
1.0 0 0 0 
0 0 1.0 0 
0 0 1.0 0 
0 0 1.0 0 
0 0 1.0 0 
0.988436 0 0 0 
0 0 1.0 0 
0 0 1.0 0 
0 0 1.0 0 
0 0 1.0 0 
0 0 1.0 0 
0 0 1.0 0 
0 0 1.0 0 
0.478277 0 0.521723 0 
0 0 0 1.0 
1.0 0 0 0 
0.999993 0 0 0 
0 0 1.0 0 
0 0 0 1.0 
0 0 1.0 0 
0 1.0 0 0 
0 0 1.0 0 
0 1.0 0 0 
0 0 1.0 0 
0 0 1.0 0 
0 0 1.0 0 
0 0 1.0 0 
0 0 1.0 0 
0 0 1.0 0 
0 0 1.0 0 
0 1.0 0 0 
0 0 1.0 0 
0 0 1.0 0 
0 0 1.0 0 
0 0 0.886742 0 
0 0 0 1.0 
0 0.999935 0 0 
0 0 1.0 0 
0 0 0.999932 0 
0.995888 0 0 0 
0 0 1.0 0 
0 0 1.0 0 
0 0 1.0 0 
0 0.97274 0 0 
0 0 1.0 0 
0 0 1.0 0 
0 0 0 0.97056 
0 0 1.0 0 
0 0 1.0 0 
0 0 1.0 0 
0 0 0.980659 0 
0.861516 0 0 0 
0 0 1.0 0 
0 0 1.0 0 
0 0 1.0 0 
0 0 1.0 0 
0 0.89365 0 0 
0 0 0.999956 0 
0 0 0.999999 0 
0 0 1.0 0 
0 0 1.0 0 
0 0 1.0 0 
0 0 1.0 0 
0 0.923245 0 0 
0 0 1.0 0 
0 0 1.0 0 
0 0 1.0 0 
0 0 1.0 0 
0.999933 0 0 0 
0 0 0.964222 0 
0 0 1.0 0 
0 0 1.0 0 
0 0 1.0 0 
1.0 0 0 0 
0 0 0.999995 0 
0 0 1.0 0 
0 0 1.0 0 
0 0 1.0 0 
0 0 1.0 0 
0 0.999538 0 0 
1.0 0 0 0 
0 0 1.0 0 
0 0 1.0 0 
0 0 1.0 0 
0 0 0 0.999803 
0 1.0 0 0 
0 0 1.0 0 
0 0 1.0 0 
0 0.671106 0.326723 0 
0 0 1.0 0 
0 0 1.0 0 
0 0 1.0 0 
0 0 0.8782 0 
0 0 1.0 0 
1.0 0 0 0 
0 0.999889 0 0 
0 0 1.0 0 
0 0 1.0 0 
0 0 0 0.992574 
0 1.0 0 0 
0.958678 0 0 0 
0 0 1.0 0 
0 0 0.999996 0 
0 0 1.0 0 
0 0 1.0 0 
0 0 1.0 0 
0 0 1.0 0 
0 0 1.0 0 
0 0 1.0 0 
0 0.91805 0 0 
0 0 1.0 0 
0 0 1.0 0 
0 0 1.0 0 
0 0 1.0 0 
0 0 1.0 0 
0 0 1.0 0 
0 0 1.0 0 
0 0 1.0 0 
0 0 1.0 0 
0 0 1.0 0 
0 0 1.0 0 
0 0 1.0 0 
0 0 1.0 0 
0 0 1.0 0 
0 0 1.0 0 
0 0 0.999954 0 
0 0 1.0 0 
0 0 1.0 0 
0 0 1.0 0 
0.967341 0 0 0 
0 0 0.743308 0 
0 0 1.0 0 
0 0 0 1.0 
0 0 1.0 0 
0.488263 0 0.511737 0 
0 0 1.0 0 
0 0 1.0 0 
0 0 1.0 0 
0 0 1.0 0 
0 0 1.0 0 
0 0.996406 0 0 
0 0 1.0 0 
0 0 1.0 0 
0.958678 0 0 0 
0 0 1.0 0 
0.948135 0 0 0 
0 0 1.0 0 
0 0 1.0 0 
0 0 1.0 0 
0 0 1.0 0 
0 0 1.0 0 
0 0 1.0 0 
0 0 1.0 0 
0 0 1.0 0 
0 0 1.0 0 
0 0 0 1.0 
0 0 1.0 0 
0 0 1.0 0 
0 0 1.0 0 
0 0 1.0 0 
0 0 1.0 0 
0 0 1.0 0 
0 0 1.0 0 
0 0 1.0 0 
0 0 1.0 0 
0 0 1.0 0 
0 0 1.0 0 
0 0 1.0 0 
0 0 0 1.0 
0 0 1.0 0 
0 0 0.996265 0 
0 0.387408 0 0.612591 
0 0 1.0 0 
1.0 0 0 0 
0 0 1.0 0 
0 0 1.0 0 
0 1.0 0 0 
0 1.0 0 0 
0 0 1.0 0 
0 0 1.0 0 
0 1.0 0 0 
0 0 1.0 0 
1.0 0 0 0 
0 0 1.0 0 
0 0 1.0 0 
1.0 0 0 0 
0 0 0.949044 0 
0 0 0 0.933334 
0 0 1.0 0 
0 0 1.0 0 
0 0 1.0 0 
0 0 1.0 0 
0 0 1.0 0 
0 0 1.0 0 
0 0 1.0 0 
0 0 1.0 0 
0 0 1.0 0 
1.0 0 0 0 
0 0 1.0 0 
0 0 1.0 0 
0 0 1.0 0 
0 0 1.0 0 
0 0 0 1.0 
0 0.999999 0 0 
0 0 1.0 0 
0 0 0 1.0 
0 0 1.0 0 
0 0 1.0 0 
0 0 1.0 0 
0 0 1.0 0 
0 0 1.0 0 
0 0 1.0 0 
0 0 1.0 0 
0 0 1.0 0 
0 0 1.0 0 
0 0 1.0 0 
0 0 1.0 0 
0 0 1.0 0 
0 0 1.0 0 
0 0 1.0 0 
0 0 1.0 0 
1.0 0 0 0 
0 1.0 0 0 
1.0 0 0 0 
0 0 0.990502 0 
0 0 1.0 0 
0 0 1.0 0 
0 0 1.0 0 
0 0 1.0 0 
0 1.0 0 0 
0 0 0.747584 0 
0 0 1.0 0 
0 0 1.0 0 
0 1.0 0 0 
0 1.0 0 0 
0 0 0.999967 0 
0 0 1.0 0 
0 0 0 1.0 
0 0 1.0 0 
0 0 1.0 0 
0 1.0 0 0 
0 0 1.0 0 
0 0 1.0 0 
0 0 1.0 0 
0 0.999443 0 0 
0 0 0.627427 0 
0 0 1.0 0 
0 0 1.0 0 
0.991633 0 0 0 
0 0 1.0 0 
0 0 1.0 0 
0 0 0.933525 0 
0.999999 0 0 0 
0 0 0.999999 0 
0 0 1.0 0 
0 0 1.0 0 
0 0 1.0 0 
0 0 1.0 0 
0 0 1.0 0 
0 0 1.0 0 
0 0 1.0 0 
0 0 1.0 0 
0 0 1.0 0 
0 0 1.0 0 
0 0 0 1.0 
0 0 1.0 0 
0 0 0.999506 0 
0 0 1.0 0 
0 0 1.0 0 
0 0 1.0 0 
0 0 0 1.0 
0 0 1.0 0 
0 0 1.0 0 
0 0 1.0 0 
0 0 1.0 0 
0 0 1.0 0 
0 0 1.0 0 
0 0 1.0 0 
0 0 1.0 0 
0 0 1.0 0 
0 0 0 1.0 
0 0 0.99999 0 
0 0 1.0 0 
0 0 0.999997 0 
0 0 1.0 0 
0 0 1.0 0 
0 0 1.0 0 
0 0 1.0 0 
0 0 1.0 0 
0 0 1.0 0 
0 0 1.0 0 
0 0 1.0 0 
0 0 0.994827 0 
0 0 1.0 0 
0 0 1.0 0 
0.9333 0 0 0 
0 0 1.0 0 
0 1.0 0 0 
0 0 1.0 0 
0 0 1.0 0 
0 0 1.0 0 
0 0 0 1.0 
0 0 0.999997 0 
0 0 0.999997 0 
0 0 1.0 0 
0 0 0 1.0 
0 0 1.0 0 
0 1.0 0 0 
0 0 1.0 0 
0.998891 0 0 0 
0 0 0 1.0 
0 0 1.0 0 
0.992335 0 0 0 
0 0 0 0.950691 
0.999757 0 0 0 
0 0 0.999999 0 
0 0 1.0 0 
0 0 1.0 0 
0 0 1.0 0 
0 0 1.0 0 
0 0 1.0 0 
0 0 1.0 0 
0 0 1.0 0 
0 0 1.0 0 
0 0 1.0 0 
0 0 1.0 0 
0 1.0 0 0 
0 0 1.0 0 
0 0 1.0 0 
0 0 1.0 0 
0 0 0 0.999991 
0 0 1.0 0 
0 0 1.0 0 
0 0 1.0 0 
0.999662 0 0 0 
0 0 1.0 0 
0 0 1.0 0 
0 0 1.0 0 
0 0 1.0 0 
0 0 1.0 0 
0 0 0 0.917074 
0 0 1.0 0 
0 0 1.0 0 
0 0 1.0 0 
0 0 1.0 0 
0 0 0 1.0 
0 0 1.0 0 
0 0.999999 0 0 
0 0 1.0 0 
0 0 1.0 0 
0 0 0 1.0 
0 0 0 1.0 
1.0 0 0 0 
0 0 0.999972 0 
0 0 0 1.0 
0.999999 0 0 0 
0 0 0 0.999998 
0 0 0 1.0 
0 0 0 1.0 
0 0 0 1.0 
1.0 0 0 0 
0 1.0 0 0 
0 0 0 1.0 
0 0 0 1.0 
0 0 0 1.0 
0.622895 0 0 0.377094 
0 0.705777 0 0 
0 0.569863 0 0.391865 
0 0 0 1.0 
0.402998 0 0 0.597002 
0 0 0 1.0 
0 0 0 1.0 
0 0.82479 0 0 
1.0 0 0 0 
0.975213 0 0 0 
0.370112 0.625921 0 0 
0 0 0 1.0 
0.983452 0 0 0 
1.0 0 0 0 
0 0 0 0.999999 
0.975213 0 0 0 
0 0 0 0.999713 
0 0 0 0.999713 
0 0 0.900642 0 
0 0 0 0.999916 
0 0 0 1.0 
0 0.998996 0 0 
0 0.996755 0 0 
1.0 0 0 0 
0 0.98206 0 0 
0 0.98206 0 0 
0.999957 0 0 0 
0.999957 0 0 0 
0 0 0 0.999953 
1.0 0 0 0 
0 0 0 1.0 
0 0 0 1.0 
0 0.938716 0 0 
0 0 0 1.0 
1.0 0 0 0 
0 0 0 0.999567 
0 0 0 1.0 
0 0 0 1.0 
0.912423 0 0 0 
0 0 0 1.0 
0 0 0 1.0 
0 0 0 0.934862 
0 0 0 0.7522 
0 0 0 1.0 
0 0 0 1.0 
0 0 0 0.999999 
0.879946 0 0 0 
0 0 0 1.0 
0 0 0 1.0 
0 0 0 1.0 
0 0 0 1.0 
0 0 0 1.0 
0 0 0 1.0 
1.0 0 0 0 
0 0 0 1.0 
0 0 0 1.0 
0 0 0 1.0 
0 0 0 1.0 
0 0 0 1.0 
1.0 0 0 0 
0 1.0 0 0 
0 0 0 0.990039 
0 0 0 1.0 
0 0 0 1.0 
0 1.0 0 0 
0 0 0 1.0 
0 0 0 1.0 
0 0 0 0.999958 
0 0 0 1.0 
0 0 0 1.0 
0 0 0 1.0 
0 0 0 1.0 
0 0 1.0 0 
0 0 0 1.0 
0 0 0.988265 0 
0 0 0 1.0 
0 0 0 1.0 
0 0 0 1.0 
0 0 0 1.0 
1.0 0 0 0 
1.0 0 0 0 
0 0 0 1.0 
0 0 0 0.998913 
0 0 0 0.99999 
0 0.99999 0 0 
0 0 0 1.0 
0 0 0 1.0 
0 0 0 1.0 
0 1.0 0 0 
1.0 0 0 0 
0 1.0 0 0 
0 0 1.0 0 
0 0 0 1.0 
0 1.0 0 0 
0 0 0 1.0 
0.999999 0 0 0 
0 0 0 1.0 
0 0 0 1.0 
0.541521 0 0 0.45762 
1.0 0 0 0 
0 0 0 1.0 
0 0 0 1.0 
0 0.570326 0.429674 0 
0 0 0 1.0 
0 0 0 1.0 
0 0 0 1.0 
0 0 0 1.0 
0 0 0 1.0 
0 0 0 0.922757 
0 0 0 1.0 
0 0 0 1.0 
0 0 0 0.92941 
1.0 0 0 0 
0 0 0 1.0 
0 0 1.0 0 
1.0 0 0 0 
0 0 0 0.901 
0 0.999974 0 0 
0 0 0 1.0 
0 0 0 1.0 
0.999953 0 0 0 
0 0 0 1.0 
0 0 0 1.0 
0.999982 0 0 0 
0 0 1.0 0 
0 0 0 1.0 
0 0 0 1.0 
0 0 0 1.0 
0 0 0 1.0 
0 1.0 0 0 
0.90299 0 0 0 
0 0 0 1.0 
0 0.798157 0 0 
0 0 0 1.0 
0 0 0.994934 0 
1.0 0 0 0 
0 0 0 0.999855 
0 0 0 1.0 
0 0 0.338715 0.661276 
0.999999 0 0 0 
0 0 0 1.0 
1.0 0 0 0 
0 0 0 1.0 
0 0 0 1.0 
0 1.0 0 0 
0 0 0 1.0 
0 1.0 0 0 
1.0 0 0 0 
0 0 0 1.0 
0.99991 0 0 0 
0 0 0 0.999999 
0 1.0 0 0 
0 0 0 1.0 
0 0 0 1.0 
0 0 0 1.0 
0 0 0 1.0 
0 1.0 0 0 
0 0 0 1.0 
0 0 0 1.0 
0 0 0 1.0 
0 0 0 1.0 
0 0 1.0 0 
0 0 0 1.0 
0 0 0 1.0 
0 0 0 1.0 
0 0.913424 0 0 
0 0 0 1.0 
1.0 0 0 0 
0 0 0 0.99999 
0 0 0 1.0 
0 0 0 1.0 
0 0 0 1.0 
0 0 0 1.0 
0 0 0 1.0 
0 0 0 1.0 
0 0 0 1.0 
0 0 0 1.0 
0 0 0 1.0 
0 0 0 1.0 
0.999469 0 0 0 
0 0 0 1.0 
0 0 0 1.0 
0.999998 0 0 0 
0 0 0 1.0 
0 0 0 1.0 
0.999907 0 0 0 
0 0 0 0.999866 
0 0 0 1.0 
0.317464 0 0 0.513132 
0 0 0 1.0 
0 0 0 1.0 
0.998089 0 0 0 
0 0 0 1.0 
0 0 0 0.999706 
0 0.963809 0 0 
0 0 0 1.0 
0 0 0 1.0 
0.999978 0 0 0 
0 0 0 1.0 
0 0 0 1.0 
0.999951 0 0 0 
0.40933 0 0 0.572408 
0 0 0 1.0 
0 0 0 1.0 
0 0 0 1.0 
0 1.0 0 0 
0 0 0 1.0 
0.999135 0 0 0 
0.99991 0 0 0 
0 0 0 1.0 
0.979911 0 0 0 
0 0 0 1.0 
0 0 0 0.99999 
0 0 0 1.0 
0 0 0 1.0 
0 0 0 1.0 
0.999315 0 0 0 
0 0 0 1.0 
0.848436 0 0 0 
0 0 0 0.998882 
0 1.0 0 0 
0 1.0 0 0 
0 0 0 1.0 
0 1.0 0 0 
0.999877 0 0 0 
0 0 0 1.0 
0.999978 0 0 0 
0 0 0.88428 0 
0 0 0 1.0 
0 0 0 1.0 
0 0 0 1.0 
0 0.996668 0 0 
0 0 0 1.0 
0 0 0 1.0 
0 0 0 1.0 
0 0 0 1.0 
0 0 0 1.0 
0 0 0.88428 0 
0 0 0 0.999995 
0 0 0.83315 0 
0 0 0 0.975495 
0.550404 0 0 0.449596 
0 0 0 1.0 
0.999662 0 0 0 
0 0 0 1.0 
0.999902 0 0 0 
1.0 0 0 0 
0 0 0 1.0 
0.99983 0 0 0 
0 0 0 1.0 
0.999957 0 0 0 
0 0 0 1.0 
0 1.0 0 0 
0 0 0 1.0 
0 0 0 1.0 
0 0 0 0.99845 
0 0 1.0 0 
0 0 0 1.0 
0 0 0 1.0 
0 0 1.0 0 
0 0.840083 0 0 
1.0 0 0 0 
0 0 0 1.0 
0 0 0 1.0 
0 0 0 1.0 
0 0 0 0.99999 
0 1.0 0 0 
0 0.999997 0 0 
0 0 0 1.0 
0 0 0 0.99863 
0 0 0 1.0 
0 0 0 1.0 
0 0 0 1.0 
0 0 0 1.0 
0 0 0 1.0 
0 0 0 0.999973 
0 0 0 1.0 
0 0 0 1.0 
0 1.0 0 0 
0 0 0 1.0 
0 0 0 1.0 
1.0 0 0 0 
0 0.999882 0 0 
0 0 0 1.0 
0 0 0 1.0 
0.810308 0 0 0 
1.0 0 0 0 
0 1.0 0 0 
0 0 0 1.0 
0 0.999575 0 0 
0 0.999551 0 0 
0 0 0 1.0 
0 0 0 1.0 
0 0 0 1.0 
0 0 0 1.0 
0 0 1.0 0 
0 0 0 1.0 
0 0 0 1.0 
0 0 0 1.0 
0 0 0 1.0 
0 0 0 0.999998 
0 0 0 1.0 
0 0 0 1.0 
0 0 0 1.0 
0 0 0 1.0 
0 0 0 1.0 
0 0 0 1.0 
0 0 0 0.999949 
0 0 0 0.999647 
0 0 0 1.0 
0 0 0 0.999964 
0 0 0 1.0 
0 0 0 1.0 
0 0 0.999997 0 
0 0 0 0.999898 
0 0 0 1.0 
0 0 0 1.0 
0 0.998933 0 0 
0 0.510223 0 0 
0 1.0 0 0 
0 0 0 1.0 
0 1.0 0 0 
0 0 0 1.0 
0 0 0 0.999977 
0 0 0 1.0 
0 0 0 1.0 
0 0 1.0 0 
0 0 0 1.0 
0 0 0 0.909043 
0 0 0 1.0 
0 0 0 1.0 
0 0 0 1.0 
0 0 0 1.0 
0 0 0 1.0 
0 0 0 0.993127 
0 0 0 1.0 
0 0 0 0.999982 
0 0 0 1.0 
0 0 0 1.0 
0 0 0 1.0 
0 0 0 1.0 
0.999853 0 0 0 
0 0.997265 0 0 
0 0 1.0 0 
1.0 0 0 0 
0 0 0 1.0 
0 0 0 1.0 
0 0 0 1.0 
0 0 0 1.0 
0 0 0 1.0 
0 0 0 1.0 
0 0 0 1.0 
0.999779 0 0 0 
0.999962 0 0 0 
0 0 0 1.0 
0 0 0 1.0 
0 0 0 1.0 
0 0 0 1.0 
0 0 0 0.764769 
0 0 1.0 0 
0 0.972291 0 0 
0 0 0 1.0 
0 0 0 0.966238 
0 0 0 0.999987 
0 0 0 1.0 
0 0 0 1.0 
0 0.990762 0 0 
0 0 0 1.0 
0 0 0 0.99972 
0 0 0 1.0 
0 0 0 1.0 
0 0 0 1.0 
0 1.0 0 0 
0 0 0 1.0 
0 0 0 1.0 
0 0 1.0 0 
0 0 0 0.999525 
0 0 0 0.999998 
0 0 0 1.0 
0 0 0 1.0 
0 0 0 1.0 
1.0 0 0 0 
0 0 0 1.0 
0 0 1.0 0 
0 0 0 0.986693 
0 0 0 1.0 
0 0 0 1.0 
0 0 0.999999 0 
0 0 0 1.0 
0 0 0 1.0 
0 0 1.0 0 
0 0 0 1.0 
0 0 0 1.0 
0 0 0 1.0 
0 0 0 0.982787 
0 0 0 1.0 
0 0 0 1.0 
0 0 0 1.0 
0 0 0 1.0 
0 0 0 0.923275 
0 0 0 1.0 
0 0 0 1.0 
0 0 0 1.0 
0 0 0.769806 0 
0 0 0 1.0 
0 0 0 1.0 
0 0 0 1.0 
0 0 0 1.0 
0 0 0 1.0 
0 0 0 1.0 
0 0 0 1.0 
0 0 0 1.0 
0 0 0 1.0 
0 0 0 1.0 
0 0 0 1.0 
0 0 0 1.0 
0 0 0 1.0 
0 0 0 1.0 
0 0 0 0.999915 
0 0 0 1.0 
0 0.876476 0 0 
0 0 0 1.0 
0 0 0 1.0 
0 0 0 1.0 
0 0 0 1.0 
0 0 1.0 0 
0 0 0 0.998332 
0 1.0 0 0 
0 0 0 1.0 
0 0 0 1.0 
0 0 0 1.0 
0 0 0 1.0 
0 0 0 1.0 
0 0 0 1.0 
0 0 0 1.0 
0 0 0 1.0 
0 0 0 1.0 
0 0 0 1.0 
0 0 0 1.0 
0 0 0 0.995814 
0 0 0 1.0 
0.999066 0 0 0 
0 0 0 1.0 
