0.882763 0 0 0 
0.504632 0 0 0 
0.894581 0 0 0 
0 0.447466 0 0 
0.780807 0 0 0 
0.959693 0 0 0 
0.720218 0 0 0 
0.800993 0 0 0 
0.785639 0 0 0 
0.914944 0 0 0 
0.361764 0 0 0 
0.361764 0 0 0 
0.63056 0 0 0 
0.947641 0 0 0 
0.947641 0 0 0 
0.822904 0 0 0 
0 0 0 0.413771 
0.840582 0 0 0 
0.928792 0 0 0 
0.914092 0 0 0 
0.894684 0 0 0 
0.637048 0 0 0 
0.758785 0 0 0 
0.365712 0.358104 0 0 
0.940362 0 0 0 
0.990021 0 0 0 
0.530398 0 0 0 
0.773999 0 0 0 
0.304421 0 0 0.354123 
0.478253 0 0.392264 0 
0.881797 0 0 0 
0.578065 0 0 0 
0.763732 0 0 0 
0.577162 0 0 0.320499 
0 0.655445 0 0 
0.991822 0 0 0 
0.964375 0 0 0 
0.498535 0 0 0 
0.792526 0 0 0 
0 0 0.648943 0 
0.959168 0 0 0 
0.804837 0 0 0 
0.774747 0 0 0 
0.952775 0 0 0 
0.752474 0 0 0 
0.921537 0 0 0 
0.680751 0 0 0 
0.694592 0 0 0 
0.969104 0 0 0 
0.963486 0 0 0 
0.488183 0 0 0.360743 
0.664691 0 0 0 
0.910429 0 0 0 
0.553722 0 0 0 
0.507401 0 0.337799 0 
0.912004 0 0 0 
0.880449 0 0 0 
0.990963 0 0 0 
0.968264 0 0 0 
0.951128 0 0 0 
0 0 0 0.678979 
0.936092 0 0 0 
0.834714 0 0 0 
0.669741 0 0 0 
0.384118 0 0 0.482349 
0 0 0.474299 0 
0.922945 0 0 0 
0.70956 0 0 0 
0.967934 0 0 0 
0.561099 0 0 0 
0.809513 0 0 0 
0.613585 0 0 0 
0.852796 0 0 0 
0.946073 0 0 0 
0.94226 0 0 0 
0.352035 0 0.396878 0 
0.553784 0 0 0.403869 
0.810231 0 0 0 
0.982102 0 0 0 
0.797256 0 0 0 
0.733469 0 0 0 
0.941867 0 0 0 
0.883258 0 0 0 
0.842157 0 0 0 
0.527935 0 0 0 
0.64529 0 0 0 
0.886417 0 0 0 
0.604968 0 0 0 
0.861691 0 0 0 
0.919136 0 0 0 
0.387559 0 0 0 
0.783861 0 0 0 
0.756392 0 0 0 
0.627632 0 0 0 
0.984994 0 0 0 
0.854141 0 0 0 
0.306057 0 0 0 
0.796076 0 0 0 
0.825461 0 0 0 
0.597941 0 0 0 
0 0 0.55561 0 
0 0 0.55561 0 
0.880515 0 0 0 
0.624694 0 0 0 
0.906904 0 0 0 
0.823952 0 0 0 
0.541719 0 0 0 
0.705991 0 0 0 
0.946183 0 0 0 
0 0.878992 0 0 
0.886393 0 0 0 
0.899795 0 0 0 
0.808169 0 0 0 
0.531617 0 0 0 
0.761964 0 0 0 
0.959348 0 0 0 
0.616315 0 0 0 
0.943786 0 0 0 
0.869051 0 0 0 
0.847878 0 0 0 
0.86323 0 0 0 
0.841955 0 0 0 
0.75919 0 0 0 
0 0 0 0.459814 
0.745962 0 0 0 
0.836044 0 0 0 
0.885947 0 0 0 
0.798106 0 0 0 
0.925371 0 0 0 
0 0 0 0.712101 
0.909668 0 0 0 
0.781485 0 0 0 
0.964712 0 0 0 
0.684472 0 0 0 
0.92016 0 0 0 
0 0.310713 0.369067 0 
0.712242 0 0 0 
0.837494 0 0 0 
0.977455 0 0 0 
0.795877 0 0 0 
0.938836 0 0 0 
0.627632 0 0 0 
0.623994 0 0 0 
0.808098 0 0 0 
0.872267 0 0 0 
0.96862 0 0 0 
0.341699 0.493222 0 0 
0.706484 0 0 0 
0.754268 0 0 0 
0.8647 0 0 0 
0.704371 0 0 0 
0.94953 0 0 0 
0.811769 0 0 0 
0.61368 0 0 0 
0.324774 0 0 0 
0.568821 0 0 0 
0.540619 0 0 0 
0.89099 0 0 0 
0 0 0.973199 0 
0.875428 0 0 0 
0 0 0 0.847222 
0.915569 0 0 0 
0.817541 0 0 0 
0.478075 0 0 0 
0.391425 0 0.364535 0 
0.51212 0 0 0 
0.645662 0 0 0 
0.443731 0 0.480775 0 
0.757786 0 0 0 
0.964865 0 0 0 
0.784871 0 0 0 
0.911213 0 0 0 
0.728476 0 0 0 
0.959704 0 0 0 
0.510254 0 0 0 
0.786705 0 0 0 
0.75962 0 0 0 
0 0 0 0.496898 
0.47302 0 0 0 
0.878328 0 0 0 
0.957886 0 0 0 
0.987063 0 0 0 
0.73468 0 0 0 
0.846196 0 0 0 
0.987766 0 0 0 
0 0.388802 0 0 
0.340162 0 0 0 
0.96164 0 0 0 
0 0 0 0.442143 
0 0.447596 0 0 
0.558747 0 0 0 
0.457784 0 0 0.492393 
0.876258 0 0 0 
0 0.434826 0.401143 0 
0.993589 0 0 0 
0 0.989703 0 0 
0.368871 0.355379 0 0 
0.938874 0 0 0 
0 0 0.584179 0 
0.510254 0 0 0 
0.711235 0 0 0 
0.79927 0 0 0 
0.386248 0 0 0.498289 
0.968034 0 0 0 
0.9552 0 0 0 
0.979795 0 0 0 
0.365074 0 0.475404 0 
0.999319 0 0 0 
0.445139 0 0.38287 0 
0.606765 0 0 0 
0.523057 0 0 0.381293 
0.826303 0 0 0 
0.934286 0 0 0 
0.420868 0 0 0 
0.897692 0 0 0 
0.897692 0 0 0 
0.91191 0 0 0 
0 0 0.330612 0.360071 
0.904516 0 0 0 
0.967021 0 0 0 
0 0 0 0.60034 
0.96287 0 0 0 
0.80475 0 0 0 
0.62251 0 0 0 
0.591599 0 0.300957 0 
0.999372 0 0 0 
0.582464 0 0 0 
0.582464 0 0 0 
0.859976 0 0 0 
0.741992 0 0 0 
0.661306 0 0 0 
0.99259 0 0 0 
0 0.62646 0 0 
0.708353 0 0 0 
0.894756 0 0 0 
0.515684 0 0 0.365664 
0.953155 0 0 0 
0 0.570071 0 0 
0.954098 0 0 0 
0.76416 0 0 0 
0.443372 0 0 0 
0.839717 0 0 0 
0.796451 0 0 0 
0.871832 0 0 0 
0.682633 0 0 0 
0.955639 0 0 0 
0.497936 0 0 0 
0 0 0 0.769502 
0.517002 0.412545 0 0 
0.814949 0 0 0 
0.435661 0 0 0 
0.527579 0 0 0 
0.767341 0 0 0 
0.878766 0 0 0 
0.955639 0 0 0 
0 0 0.441733 0 
0 0 0.33555 0.551404 
0 0 0.604803 0 
0 0 0 0.986102 
0.496389 0 0.49957 0 
0 0 0.761255 0 
0.463276 0 0.469967 0 
0.921264 0 0 0 
0.692665 0 0 0 
0 0 0.680925 0 
0 0 0.495273 0 
0.973785 0 0 0 
0.920223 0 0 0 
0.869019 0 0 0 
0 0 0.908254 0 
0.437364 0 0 0.532258 
0.986147 0 0 0 
0 0 0.397638 0 
0.909311 0 0 0 
0.326517 0 0 0.466089 
0.998062 0 0 0 
0 0.816527 0 0 
0.762409 0 0 0 
0.68179 0 0 0 
0.371891 0 0.4142 0 
0.999926 0 0 0 
0.849621 0 0 0 
0 0.4299 0 0 
0 0 0 0.55193 
0 0.94757 0 0 
0 0.418866 0 0.364427 
0 0.407716 0 0.341474 
0 0.329453 0 0.455899 
0.313619 0 0 0.615757 
0.749099 0 0 0 
0 0.976266 0 0 
0 0.997047 0 0 
0 0 0.349194 0 
0.41718 0 0 0 
0 0.992188 0 0 
0 0.99647 0 0 
0.626227 0 0 0 
0 0.990506 0 0 
0 0.999723 0 0 
0 0.725661 0 0 
0 0.998605 0 0 
0 0.984891 0 0 
0 0.998774 0 0 
0 0.603089 0 0 
0 0.988826 0 0 
0.412091 0 0.394994 0 
0.412091 0 0.394994 0 
0 0.991914 0 0 
0 0.942741 0 0 
0 0.999229 0 0 
0 0.681333 0 0 
0.717269 0 0 0 
0 0.858942 0 0 
0.462904 0 0 0 
0.462904 0 0 0 
0.362162 0 0 0 
0 0.359514 0 0 
0 0.99393 0 0 
0 0.998368 0 0 
0 0.707326 0 0 
0 0.997801 0 0 
0 0 0.564373 0 
0 0.460673 0 0 
0 0.988249 0 0 
0 0.97662 0 0 
0 0.718472 0 0 
0.574462 0.368323 0 0 
0 0.988567 0 0 
0 0.992714 0 0 
0 0.527198 0.325069 0 
0 0 0.502666 0 
0 0.431411 0.434864 0 
0.400363 0 0 0.367215 
0 0 0 0.826597 
0 0 0 0 
0 0.385053 0 0.371489 
0 0 0 0.580742 
0 0.833479 0 0 
0 0.837035 0 0 
0 0.991487 0 0 
0 0.99921 0 0 
0 0.550472 0 0 
0.650401 0 0 0 
0 0.402269 0 0 
0 0.687245 0 0 
0 0.453811 0.37078 0 
0 0 0 0.324749 
0 0.597316 0 0 
0 0.873467 0 0 
0 0 0.63675 0 
0 0 0.39713 0.423533 
0 0.999802 0 0 
0 0.998652 0 0 
0 0 0 0.788811 
0 0.996198 0 0 
0 0.731835 0 0 
0.920351 0 0 0 
0.719277 0 0 0 
0 0.995383 0 0 
0 0.334052 0 0.447611 
0 0.444557 0 0.387904 
0 0.444557 0 0.387904 
0 0.330445 0 0 
0 0.997535 0 0 
0 0.989713 0 0 
0 0.997751 0 0 
0 0.998232 0 0 
0 0.99551 0 0 
0 0.640774 0 0 
0 0.998186 0 0 
0.644367 0 0 0 
0 0 0 0.595069 
0 0.991602 0 0 
0 0.583964 0.313967 0 
0 0.986627 0 0 
0 0.630431 0 0 
0 0.994901 0 0 
0 0.992152 0 0 
0 0.630304 0 0 
0 0 0 0.706595 
0.947483 0 0 0 
0 0 0.624255 0 
0 0.980561 0 0 
0 0.672366 0 0 
0 0.948971 0 0 
0 0.995511 0 0 
0 0.966543 0 0 
0 0.999402 0 0 
0 0.996614 0 0 
0 0.997561 0 0 
0 0.999131 0 0 
0 0.910121 0 0 
0 0.734422 0 0 
0.317113 0.436755 0 0 
0 0 0.512986 0 
0 0.398316 0 0 
0.403717 0 0 0 
0 0 0.972569 0 
0 0.996773 0 0 
0 0.999422 0 0 
0 0.999707 0 0 
0 0.997415 0 0 
0 0 0.319799 0.310919 
0 0.871506 0 0 
0.401711 0 0 0 
0 0.965095 0 0 
0 0.962284 0 0 
0 0.998333 0 0 
0 0.748672 0 0 
0 0 0.332126 0.342178 
0 0.32593 0 0 
0 0.988067 0 0 
0 0.993852 0 0 
0.394899 0.365448 0 0 
0 0.387028 0 0.472066 
0 0.391162 0.344275 0 
0 0.998757 0 0 
0.327018 0 0 0.390213 
0 0.999479 0 0 
0 0.724673 0 0 
0 0 0 0.554001 
0 0.999953 0 0 
0 0.497135 0 0.472749 
0 0.999953 0 0 
0 0 0.417617 0 
0 0.999725 0 0 
0 0.999783 0 0 
0 0.579219 0.409478 0 
0 0.373899 0.308858 0 
0 0 0.968575 0 
0 0.71602 0 0 
0 0.834462 0 0 
0 0.999515 0 0 
0 0.999515 0 0 
0 0.999515 0 0 
0 0.996499 0 0 
0.354448 0 0 0 
0 0 0.731063 0 
0 0 0.998665 0 
0.301635 0.440821 0 0 
0 0 0 0.752201 
0.431825 0 0 0 
0 0.997113 0 0 
0 0.462811 0.397691 0 
0 0.998121 0 0 
0 0.943391 0 0 
0 0.998258 0 0 
0 0 0.483734 0 
0 0 0.483734 0 
0.397443 0 0 0.334492 
0 0.584857 0 0 
0 0 0 0.523832 
0 0.91153 0 0 
0 0.999377 0 0 
0 0 0 0.752201 
0.547744 0 0 0 
0.75962 0 0 0 
0 0.999058 0 0 
0 0.993209 0 0 
0 0.583006 0 0 
0 0.898113 0 0 
0 0.821842 0 0 
0 0.998827 0 0 
0 0.984393 0 0 
0.365502 0 0 0.396133 
0 0.492469 0.315698 0 
0 0.995401 0 0 
0 0 0.825701 0 
0 0.478474 0.385856 0 
0 0 0.428864 0 
0 0 0.378761 0 
0.460625 0 0.457915 0 
0 0.995085 0 0 
0 0 0.874812 0 
0 0.994176 0 0 
0 0.960932 0 0 
0 0.994329 0 0 
0 0.621108 0 0 
0 0.835064 0 0 
0 0.952006 0 0 
0 0.637297 0 0 
0 0.388798 0.375195 0 
0 0.998269 0 0 
0 0.95839 0 0 
0 0.994357 0 0 
0 0.719829 0 0 
0 0.982329 0 0 
0 0 0 0.818868 
0 0.982329 0 0 
0 0.970768 0 0 
0 0.999311 0 0 
0 0 0.529422 0 
0 0 0.529422 0 
0 0 0.938741 0 
0 0 0 0.896661 
0 0.999966 0 0 
0 0.999956 0 0 
0 0 0.622047 0 
0 0.405117 0 0 
0 0 0.580468 0 
0 0.999913 0 0 
0 0 0.646123 0.324193 
0 0.997522 0 0 
0 0.684695 0 0 
0 0.684695 0 0 
0 0.330248 0 0.3859 
0 0.657255 0 0 
0 0.998933 0 0 
0 0 0 0.319969 
0 0 0.648754 0 
0 0.452121 0 0 
0 0.473646 0 0 
0 0 0 0 
0 0.999653 0 0 
0 0.991019 0 0 
0 0.343755 0 0.414133 
0 0.99999 0 0 
0 0.390696 0.309497 0 
0 0 0 0 
0 0 0.473332 0.347922 
0 0.983141 0 0 
0 0 0 0.880247 
0 0 0.341087 0.579023 
0 0.999952 0 0 
0 0 0 0.552406 
0 0.999718 0 0 
0 0.533084 0 0.344947 
0 0 0.459479 0.404217 
0 0.704265 0 0 
0 0 0.984515 0 
0 0 0 0.873795 
0 0 0 0.312751 
0 0 0 0.312751 
0 0.997531 0 0 
0 0.999913 0 0 
0.301994 0.555312 0 0 
0.41979 0.301473 0 0 
0 0.997902 0 0 
0 0.99761 0 0 
0 0.996051 0 0 
0 0.95668 0 0 
0 0.338654 0 0.336607 
0 0.96984 0 0 
0 0.99989 0 0 
0 0.884235 0 0 
0 0 0 0.711948 
0 0 0.986684 0 
0 0.40372 0.449845 0 
0.349641 0 0.442045 0 
0 0.479481 0 0 
0 0 0 0 
0.721642 0 0 0 
0.368215 0 0 0.326122 
0 0.445494 0 0 
0 0.996051 0 0 
0 0.807492 0 0 
0 0.495554 0 0 
0 0 0.889164 0 
0 0 0.540488 0 
0 0 0.863516 0 
0 0 0.923242 0 
0 0 0.993288 0 
0 0.581349 0.399331 0 
0 0 0.808989 0 
0.496445 0 0.450499 0 
0.795571 0 0 0 
0 0 0.982358 0 
0.696766 0 0 0 
0 0 0.433382 0 
0.795711 0 0 0 
0 0 0.526901 0 
0 0 0.526901 0 
0.355483 0 0.570229 0 
0 0.522133 0.326137 0 
0.601525 0 0 0.318833 
0 0 0.980945 0 
0 0 0.978939 0 
0 0 0.681574 0 
0 0 0.475257 0 
0 0 0.854349 0 
0 0 0.771651 0 
0 0 0.961056 0 
0.550914 0 0.33825 0 
0.550914 0 0.33825 0 
0 0.326137 0 0.333441 
0.393059 0 0 0.454429 
0 0 0 0.59399 
0.332239 0 0.340511 0 
0.57018 0 0.385589 0 
0.61321 0 0.361242 0 
0 0 0.575746 0 
0 0 0.976338 0 
0 0 0.356069 0.301844 
0.325412 0 0 0 
0.325412 0 0 0 
0 0 0.994013 0 
0.774523 0 0 0 
0 0 0.635542 0 
0 0 0.985561 0 
0 0 0.626057 0 
0.349039 0 0.478304 0 
0.317609 0 0 0.600749 
0.810383 0 0 0 
0.695819 0 0 0 
0.635434 0 0 0 
0 0 0.842237 0 
0 0 0.968856 0 
0 0 0.99767 0 
0 0 0.625015 0 
0.572155 0 0 0.33937 
0 0 0.973026 0 
0 0 0.849095 0 
0 0 0.717668 0 
0 0 0 0.634074 
0.606359 0 0.308137 0 
0 0 0.78854 0 
0.678168 0 0 0 
0 0 0 0 
0 0 0.642692 0 
0 0 0 0 
0 0 0.951898 0 
0 0 0.973622 0 
0 0 0.973622 0 
0 0 0.724448 0 
0 0 0.414649 0.427058 
0 0 0.874789 0 
0 0 0.961971 0 
0 0 0.610292 0 
0 0 0.960281 0 
0 0 0.599497 0 
0 0 0.4727 0 
0 0 0.954161 0 
0 0 0.981622 0 
0 0 0.366118 0 
0 0 0.982287 0 
0 0 0.901021 0 
0 0 0.917218 0 
0 0 0.923242 0 
0 0 0.974203 0 
0 0 0.95749 0 
0 0 0.797204 0 
0 0 0.868003 0 
0 0 0.518579 0 
0 0 0.980982 0 
0.748465 0 0 0 
0 0.314388 0.397195 0 
0.582498 0 0 0 
0 0 0.992026 0 
0 0 0.972784 0 
0 0.602556 0 0 
0 0 0.983589 0 
0 0.624789 0 0 
0 0 0.689142 0 
0 0 0.57414 0.364614 
0 0.432521 0.353065 0 
0 0 0.987513 0 
0 0 0.973404 0 
0 0 0.992133 0 
0 0 0.994886 0 
0 0 0.923054 0 
0 0 0.901021 0 
0 0 0.603705 0 
0 0 0.944474 0 
0 0 0.894351 0 
0 0 0.97524 0 
0 0 0.599925 0 
0.341087 0 0.623617 0 
0 0 0.783252 0 
0 0 0.786828 0 
0 0 0.712459 0 
0 0.863438 0 0 
0 0 0.881745 0 
0 0 0.970515 0 
0 0 0.930676 0 
0.356117 0 0 0.323171 
0.812047 0 0 0 
0 0 0.977351 0 
0 0 0.766579 0 
0 0 0.977351 0 
0 0 0.977351 0 
0 0 0.867225 0 
0 0 0.481774 0 
0 0 0.946022 0 
0 0 0.965839 0 
0 0 0.939925 0 
0 0.301834 0.687245 0 
0 0 0.998248 0 
0 0.863438 0 0 
0 0 0.973174 0 
0 0 0.347254 0 
0 0 0.98181 0 
0 0 0.898585 0 
0 0 0.864512 0 
0 0 0.864512 0 
0 0 0.678366 0 
0 0 0.699314 0 
0.801535 0 0 0 
0 0 0.801774 0 
0 0 0.796141 0 
0 0 0 0.701062 
0 0 0.896293 0 
0 0 0.557334 0 
0 0 0.978485 0 
0 0 0.911223 0 
0 0 0.464264 0.432311 
0 0 0.779973 0 
0 0 0.999234 0 
0.458784 0 0 0 
0 0 0.954306 0 
0.34812 0 0.370589 0 
0 0 0.990886 0 
0 0 0.979635 0 
0 0 0.583929 0 
0 0 0.911223 0 
0 0 0.911223 0 
0 0 0.324665 0.351217 
0 0 0.992342 0 
0.354346 0 0 0.438891 
0 0 0.923812 0 
0 0 0.854317 0 
0.500839 0 0 0 
0 0 0.982253 0 
0.735634 0 0 0 
0 0 0.570364 0 
0 0 0.959158 0 
0 0 0 0.430128 
0.35003 0.507538 0 0 
0 0 0.95707 0 
0 0 0.876865 0 
0 0 0.757624 0 
0 0 0.904045 0 
0 0 0.793488 0 
0 0 0.996257 0 
0 0.698485 0 0 
0 0 0.925781 0 
0 0.320739 0.417073 0 
0 0 0.901021 0 
0 0.49942 0 0 
0 0 0.872761 0 
0 0 0.879972 0 
0 0 0.642754 0 
0 0 0.923881 0 
0 0 0.535371 0 
0 0 0.997491 0 
0 0.455484 0.405861 0 
0 0 0.878951 0 
0 0 0.933946 0 
0.406111 0 0.354352 0 
0 0 0.988353 0 
0 0 0.972783 0 
0 0 0.674226 0 
0 0 0.953762 0 
0 0 0.991459 0 
0 0 0.997469 0 
0 0 0.999775 0 
0 0 0.806207 0 
0 0 0.982767 0 
0 0 0.959061 0 
0 0 0.969224 0 
0 0 0.884907 0 
0.494846 0 0.36062 0 
0 0 0.719655 0 
0 0 0.987487 0 
0 0 0.91316 0 
0 0 0.996096 0 
0.427368 0.348182 0 0 
0 0 0 0.622414 
0 0 0.998125 0 
0 0 0.998125 0 
0 0 0.996098 0 
0 0 0.786937 0 
0.762381 0 0 0 
0 0 0.650832 0 
0 0 0.510537 0 
0 0 0.677088 0 
0 0 0.927161 0 
0 0 0.768377 0 
0 0 0.997145 0 
0 0.611774 0 0 
0 0 0.745053 0 
0.999926 0 0 0 
0 0 0.995261 0 
0 0.331827 0.377589 0 
0 0.946969 0 0 
0 0 0.484332 0 
0.335904 0 0 0.4772 
0 0 0.996234 0 
0 0 0.985831 0 
0 0 0.985831 0 
0 0 0.985831 0 
0 0 0.985831 0 
0 0 0.985831 0 
0 0 0.857268 0 
0 0 0.999889 0 
0 0.784604 0 0 
0 0 0.895422 0 
0 0 0.990936 0 
0 0 0.999994 0 
0 0.999964 0 0 
0 0 0.974927 0 
0 0.885351 0 0 
0 0 0.904864 0 
0 0 0.693988 0 
0 0 0 0.673952 
0 0 0 0.42858 
0 0 0.844629 0 
0 0 0.901225 0 
0 0 1.0 0 
0 0 0.966862 0 
0 0 0.946902 0 
0 0 0 0.451915 
0 0 0.999236 0 
0 0 0.999236 0 
0 0 0.615122 0 
0 0 0.463265 0.476303 
0 0 0.999994 0 
0 0 0.96482 0 
0 0 0.845461 0 
0 0 0 0.850112 
0.380558 0.342518 0 0 
0 0 0.990886 0 
0 0 0.826687 0 
0 0 0.834612 0 
0 0 0.951807 0 
0 0 0.998231 0 
0 0 0.877654 0 
0 0 0.921966 0 
0 0 1.0 0 
0 0 0 0.848295 
0 0 0.999816 0 
0 0 0.71473 0 
0 0 1.0 0 
0 0 0.967687 0 
0 0 0 0.680977 
0 0 0.989376 0 
0 0 0.999994 0 
0 0 0.998706 0 
0 0 0 0.360243 
0 0 0.403841 0.528999 
0 0 0.453857 0 
0 0.668074 0 0 
0 0 0.97895 0 
0 0 0.980927 0 
0 0 0.999459 0 
0 0 0.984623 0 
0 0 0.577781 0 
0 0 0.808344 0 
0 0 0.685404 0 
0 0.415238 0 0.489977 
0 0 0.864479 0 
0 0 0.650266 0 
0 0 0.999958 0 
0 0 0.707625 0 
0 0 0.999855 0 
0 0 0.978107 0 
0 0 0.705914 0 
0 0 0.320811 0.583323 
0 0 0.666067 0 
0 0 0.999979 0 
0 0 0.852919 0 
0 0 0.951778 0 
0.517072 0.308621 0 0 
0 0 0 0.570961 
0.494588 0 0 0.34069 
0 0 0 0.720164 
0 0.335619 0 0.356316 
0 0 0 0.854271 
0.391659 0 0 0.458996 
0 0 0 0.651169 
0.560662 0 0 0.359821 
0.403547 0 0 0.417677 
0 0 0 0.807829 
0 0 0 0.516891 
0 0 0 0.56393 
0 0 0 0.933931 
0.361615 0 0 0.388102 
0.648017 0 0 0 
0.445534 0 0 0.414176 
0 0 0 0.621358 
0 0 0 0.621358 
0 0 0 0.665649 
0 0 0 0.634074 
0 0 0 0.975797 
0.516449 0 0 0 
0.534441 0 0 0 
0 0.31512 0 0.545711 
0 0 0 0.823665 
0.808313 0 0 0 
0 0 0 0.977269 
0.458853 0 0 0.498417 
0 0 0 0.743365 
0.885938 0 0 0 
0 0 0 0.745434 
0.342594 0 0 0.482105 
0.592533 0 0 0.341187 
0.856801 0 0 0 
0 0 0 0.653851 
0.879245 0 0 0 
0 0 0 0.91328 
0 0 0 0.962713 
0 0 0 0.920138 
0 0 0 0.995573 
0 0 0 0.616997 
0.339588 0 0 0.330718 
0.658238 0 0 0 
0 0 0 0.879782 
0 0 0 0.940279 
0 0 0 0.603986 
0 0 0 0.755875 
0.797176 0 0 0 
0 0 0 0.911437 
0 0 0 0.930919 
0 0 0 0.930919 
0 0 0 0.91328 
0 0 0 0.995154 
0.321702 0 0 0.588891 
0.321702 0 0 0.588891 
0.677218 0 0 0 
0 0 0.400552 0 
0 0 0 0.930919 
0 0 0 0.614433 
0 0 0 0.557592 
0 0 0.699671 0 
0 0 0 0.843891 
0 0 0 0.971655 
0 0 0 0.848311 
0 0 0 0.848311 
0 0 0.313384 0.456135 
0 0 0 0.977624 
0.318064 0 0 0.471555 
0.52994 0 0 0 
0 0 0 0.683848 
0 0 0 0.990843 
0 0 0 0.943007 
0.593486 0 0 0.312557 
0 0 0 0.809918 
0 0 0 0.811752 
0.785887 0 0 0 
0 0 0 0.688088 
0 0 0 0.697716 
0 0 0 0.811752 
0 0 0 0.426279 
0.55616 0 0 0 
0 0 0 0.786235 
0 0 0 0.891776 
0 0 0 0.594389 
0.547737 0 0 0 
0 0 0.618712 0 
0.339588 0 0 0.330718 
0 0 0 0.990843 
0 0 0 0.657837 
0.523899 0 0 0 
0 0 0 0.738239 
0 0 0 0.994909 
0 0 0 0.561062 
0.305478 0 0 0.516873 
0 0 0 0.751683 
0 0 0 0.990843 
0 0 0 0.364251 
0 0 0 0.590674 
0 0 0 0.999986 
0 0 0 0.870809 
0.530929 0 0 0.343531 
0 0 0 0.990843 
0 0 0 0.650023 
0 0 0 0.771476 
0 0 0 0.968074 
0.339588 0 0 0.330718 
0 0 0 0.657167 
0.391018 0 0 0.350791 
0 0 0 0.990843 
0.639396 0 0 0 
0 0 0 0.943007 
0 0 0 0.764811 
0 0 0 0.696677 
0 0 0 0.990843 
0 0 0 0.840777 
0.319465 0 0 0.498397 
0 0 0 0.926904 
0 0 0 0.570025 
0 0 0.785302 0 
0 0 0 0.461097 
0 0 0 0.661071 
0.806129 0 0 0 
0 0 0 0.905157 
0 0 0 0.747799 
0 0 0 0.837346 
0 0 0.322292 0.403526 
0 0 0 0.990843 
0 0 0 0.694761 
0 0.717932 0 0 
0 0 0 0 
0 0 0 0.682428 
0 0 0 0.948823 
0 0 0.316376 0.424098 
0 0 0 0.943007 
0.339588 0 0 0.330718 
0 0.702507 0 0 
0 0 0 0.825086 
0.702553 0 0 0 
0 0 0 0.45842 
0 0 0 0.655915 
0.36835 0 0 0.505475 
0 0 0 0.99631 
0.305141 0 0.408085 0 
0.549455 0 0 0.342428 
0 0 0.495082 0.314685 
0 0 0.544716 0 
0 0 0 0 
0 0 0 0.948823 
0.366739 0 0 0 
0.369249 0 0 0 
0 0 0 0.676392 
0 0 0 0.490419 
0 0 0 0.99631 
0.701774 0 0 0 
0 0 0 0.977727 
0 0 0 0.84293 
0 0 0 0.762706 
0 0.604994 0 0.364387 
0 0.604994 0 0.364387 
0 0 0 0.931084 
0 0 0 0.950599 
0 0 0.843027 0 
0 0 0 0.656694 
0 0.588518 0 0 
0 0 0 0.445172 
0 0 0 0.939636 
0 0 0.7486 0 
0 0 0 0.981309 
0 0 0 0.891776 
0 0 0 0.970457 
0 0 0 0.822701 
0 0 0 0.913968 
0 0 0 0.967741 
0 0 0.617719 0 
0 0 0.32218 0.379202 
0 0 0 0.606547 
0 0 0 0.618013 
0 0 0 0.992414 
0 0 0 0.904489 
0 0 0 0.939636 
0 0 0 0.939636 
0 0 0 0.939233 
0 0.687617 0 0 
0 0 0 0.985921 
0 0 0 0.693256 
0 0 0 0.751068 
0 0 0 0.810006 
0 0 0 0.939636 
0 0 0 0.92402 
0 0 0 0.492632 
0 0.517204 0 0.409882 
0 0 0 0.968988 
0 0 0 0.923763 
0 0 0 0.768603 
0 0 0 0.605248 
0.776789 0 0 0 
0 0 0 0.780946 
0 0 0 0.866736 
0 0 0 0.939636 
0 0 0 0.939636 
0 0 0 0.495045 
0 0 0 0.891863 
0 0 0 0.736709 
0 0 0 0.958634 
0 0 0 0.663195 
0 0 0 0.770299 
0 0 0 0.990685 
0 0 0 0.842153 
0 0 0 0.98257 
0 0 0 0.951826 
0 0 0.303027 0.470628 
0 0 0.468368 0.408813 
0 0 0 0.839835 
0 0 0 0.918816 
0 0 0 0.504939 
0 0 0 0.959509 
0 0 0 0.939636 
0 0 0 0.986679 
0 0 0 0.986679 
0 0 0.608573 0 
0 0 0 0.939636 
0 0 0 0.83451 
0 0 0 0.901745 
0 0 0 0.999582 
0 0 0 0.724044 
0 0 0 0.992414 
