1808
0 1.0 0 0 
1.0 0 0 0 
0 0 0.999363 0 
0 0.892189 0 0 
0 0 0 0.941015 
0 0 1.0 0 
1.0 0 0 0 
0 0.999994 0 0 
1.0 0 0 0 
1.0 0 0 0 
1.0 0 0 0 
1.0 0 0 0 
0 1.0 0 0 
1.0 0 0 0 
1.0 0 0 0 
0 0 1.0 0 
0.999995 0 0 0 
0.999273 0 0 0 
1.0 0 0 0 
0 0 0.959109 0 
1.0 0 0 0 
0.999992 0 0 0 
1.0 0 0 0 
1.0 0 0 0 
1.0 0 0 0 
0.965458 0 0 0 
1.0 0 0 0 
1.0 0 0 0 
1.0 0 0 0 
1.0 0 0 0 
1.0 0 0 0 
1.0 0 0 0 
1.0 0 0 0 
1.0 0 0 0 
0 0.999908 0 0 
1.0 0 0 0 
0.999929 0 0 0 
1.0 0 0 0 
0.991311 0 0 0 
0.991311 0 0 0 
0 0 0 1.0 
0 0 0 0.999799 
1.0 0 0 0 
1.0 0 0 0 
0.999985 0 0 0 
1.0 0 0 0 
1.0 0 0 0 
0 0 1.0 0 
0 0 0 1.0 
1.0 0 0 0 
1.0 0 0 0 
1.0 0 0 0 
1.0 0 0 0 
0 0 1.0 0 
0.999884 0 0 0 
1.0 0 0 0 
1.0 0 0 0 
1.0 0 0 0 
1.0 0 0 0 
1.0 0 0 0 
1.0 0 0 0 
1.0 0 0 0 
1.0 0 0 0 
1.0 0 0 0 
1.0 0 0 0 
1.0 0 0 0 
1.0 0 0 0 
1.0 0 0 0 
1.0 0 0 0 
1.0 0 0 0 
0.999999 0 0 0 
1.0 0 0 0 
0.996147 0 0 0 
0 0 0 0.99542 
0.940922 0 0 0 
0 0 0.999985 0 
1.0 0 0 0 
0 0 0 1.0 
0.996969 0 0 0 
0.996019 0 0 0 
0 0 0 1.0 
1.0 0 0 0 
0.99744 0 0 0 
0.851006 0 0 0 
1.0 0 0 0 
1.0 0 0 0 
1.0 0 0 0 
0.998459 0 0 0 
0 0 0.999965 0 
0.428176 0.323781 0 0 
0.99385 0 0 0 
1.0 0 0 0 
1.0 0 0 0 
1.0 0 0 0 
1.0 0 0 0 
1.0 0 0 0 
1.0 0 0 0 
1.0 0 0 0 
1.0 0 0 0 
1.0 0 0 0 
0 0 1.0 0 
1.0 0 0 0 
1.0 0 0 0 
1.0 0 0 0 
0.999806 0 0 0 
0 0 1.0 0 
0 0.745542 0 0 
0 0.993419 0 0 
0 0 0 1.0 
1.0 0 0 0 
1.0 0 0 0 
1.0 0 0 0 
1.0 0 0 0 
0 0 0 1.0 
0.999852 0 0 0 
1.0 0 0 0 
1.0 0 0 0 
0.999999 0 0 0 
0.997057 0 0 0 
1.0 0 0 0 
0.998885 0 0 0 
1.0 0 0 0 
0.366304 0 0.633694 0 
1.0 0 0 0 
1.0 0 0 0 
1.0 0 0 0 
1.0 0 0 0 
0 0 0 0.95941 
0.999995 0 0 0 
0.519194 0.480806 0 0 
1.0 0 0 0 
0 0 0 0.959009 
1.0 0 0 0 
1.0 0 0 0 
0.318071 0.534403 0 0 
1.0 0 0 0 
1.0 0 0 0 
1.0 0 0 0 
1.0 0 0 0 
1.0 0 0 0 
1.0 0 0 0 
1.0 0 0 0 
1.0 0 0 0 
1.0 0 0 0 
1.0 0 0 0 
1.0 0 0 0 
1.0 0 0 0 
0 0.999911 0 0 
1.0 0 0 0 
1.0 0 0 0 
1.0 0 0 0 
0.994737 0 0 0 
1.0 0 0 0 
0 0 0.999962 0 
1.0 0 0 0 
1.0 0 0 0 
1.0 0 0 0 
0 0 0 0.990414 
1.0 0 0 0 
1.0 0 0 0 
0.990858 0 0 0 
1.0 0 0 0 
1.0 0 0 0 
1.0 0 0 0 
1.0 0 0 0 
0 0 0.999341 0 
0.999943 0 0 0 
0.335721 0 0 0.664128 
1.0 0 0 0 
1.0 0 0 0 
0 0 0 1.0 
0.973875 0 0 0 
1.0 0 0 0 
1.0 0 0 0 
1.0 0 0 0 
0 1.0 0 0 
1.0 0 0 0 
1.0 0 0 0 
1.0 0 0 0 
1.0 0 0 0 
1.0 0 0 0 
1.0 0 0 0 
0 0 0 1.0 
1.0 0 0 0 
1.0 0 0 0 
0 1.0 0 0 
1.0 0 0 0 
0.991252 0 0 0 
1.0 0 0 0 
0 0 0 1.0 
0 0 0 1.0 
1.0 0 0 0 
0 0 0 0.951483 
1.0 0 0 0 
1.0 0 0 0 
1.0 0 0 0 
1.0 0 0 0 
0.318071 0.534403 0 0 
0.999999 0 0 0 
1.0 0 0 0 
1.0 0 0 0 
0 0 1.0 0 
0 0 0.972629 0 
1.0 0 0 0 
1.0 0 0 0 
0 0 0 0.999996 
0 0.999999 0 0 
1.0 0 0 0 
0 0 0 0.999965 
1.0 0 0 0 
0 1.0 0 0 
1.0 0 0 0 
1.0 0 0 0 
1.0 0 0 0 
1.0 0 0 0 
1.0 0 0 0 
1.0 0 0 0 
1.0 0 0 0 
1.0 0 0 0 
1.0 0 0 0 
1.0 0 0 0 
1.0 0 0 0 
1.0 0 0 0 
0 0 1.0 0 
0 1.0 0 0 
0 1.0 0 0 
1.0 0 0 0 
1.0 0 0 0 
1.0 0 0 0 
0 0 0 0.745768 
1.0 0 0 0 
0 0.517907 0.325696 0 
1.0 0 0 0 
1.0 0 0 0 
1.0 0 0 0 
1.0 0 0 0 
1.0 0 0 0 
1.0 0 0 0 
1.0 0 0 0 
1.0 0 0 0 
1.0 0 0 0 
0 0 0 1.0 
0 0.99918 0 0 
0 0.999671 0 0 
0 0 0 1.0 
1.0 0 0 0 
0 0 1.0 0 
1.0 0 0 0 
1.0 0 0 0 
0 0 0 1.0 
1.0 0 0 0 
0.822713 0 0 0 
1.0 0 0 0 
1.0 0 0 0 
1.0 0 0 0 
1.0 0 0 0 
1.0 0 0 0 
0.993852 0 0 0 
0 0 1.0 0 
0 1.0 0 0 
1.0 0 0 0 
1.0 0 0 0 
1.0 0 0 0 
1.0 0 0 0 
1.0 0 0 0 
1.0 0 0 0 
0 0 1.0 0 
1.0 0 0 0 
0 1.0 0 0 
1.0 0 0 0 
0 0 0 1.0 
1.0 0 0 0 
1.0 0 0 0 
1.0 0 0 0 
0 0 0 1.0 
1.0 0 0 0 
1.0 0 0 0 
1.0 0 0 0 
1.0 0 0 0 
1.0 0 0 0 
0 0 1.0 0 
0.999869 0 0 0 
1.0 0 0 0 
1.0 0 0 0 
0.999999 0 0 0 
1.0 0 0 0 
0 1.0 0 0 
0 0 0.998115 0 
1.0 0 0 0 
0.857784 0 0 0 
0.999848 0 0 0 
0 0.843923 0 0 
1.0 0 0 0 
1.0 0 0 0 
0.996154 0 0 0 
0 0 1.0 0 
0 0 0 1.0 
0.999939 0 0 0 
0 0 0 0.756743 
0 1.0 0 0 
0 0.921564 0 0 
0 0.99999 0 0 
1.0 0 0 0 
0 0 0 0.999997 
0 0 0 1.0 
0.999999 0 0 0 
1.0 0 0 0 
0 0 0 1.0 
1.0 0 0 0 
1.0 0 0 0 
1.0 0 0 0 
1.0 0 0 0 
1.0 0 0 0 
0.977387 0 0 0 
1.0 0 0 0 
1.0 0 0 0 
1.0 0 0 0 
1.0 0 0 0 
0 0.998284 0 0 
0 0.652883 0.347107 0 
0 0 0 0.92163 
0 0 0.999892 0 
0 0 1.0 0 
0 0 1.0 0 
1.0 0 0 0 
0 0 0 1.0 
1.0 0 0 0 
1.0 0 0 0 
1.0 0 0 0 
0 0 1.0 0 
1.0 0 0 0 
1.0 0 0 0 
1.0 0 0 0 
1.0 0 0 0 
1.0 0 0 0 
0.972775 0 0 0 
0 0 0.999964 0 
0 0 0.999964 0 
0 0 0.999964 0 
0 1.0 0 0 
1.0 0 0 0 
1.0 0 0 0 
1.0 0 0 0 
1.0 0 0 0 
1.0 0 0 0 
1.0 0 0 0 
1.0 0 0 0 
1.0 0 0 0 
1.0 0 0 0 
1.0 0 0 0 
0 0 0 1.0 
0 0 0.990056 0 
0 0.999913 0 0 
1.0 0 0 0 
0 0 1.0 0 
0 0 1.0 0 
1.0 0 0 0 
0 0 1.0 0 
1.0 0 0 0 
1.0 0 0 0 
1.0 0 0 0 
1.0 0 0 0 
0 0 0 1.0 
1.0 0 0 0 
1.0 0 0 0 
0.990142 0 0 0 
1.0 0 0 0 
0 0.958153 0 0 
1.0 0 0 0 
1.0 0 0 0 
1.0 0 0 0 
1.0 0 0 0 
0 0 0.999769 0 
1.0 0 0 0 
0 0 0 1.0 
1.0 0 0 0 
1.0 0 0 0 
1.0 0 0 0 
0 0 0 0.821933 
0.999972 0 0 0 
0 1.0 0 0 
1.0 0 0 0 
0.999998 0 0 0 
1.0 0 0 0 
0 0 0 1.0 
1.0 0 0 0 
0.999576 0 0 0 
1.0 0 0 0 
1.0 0 0 0 
1.0 0 0 0 
1.0 0 0 0 
1.0 0 0 0 
0 1.0 0 0 
0 1.0 0 0 
0 0 1.0 0 
1.0 0 0 0 
1.0 0 0 0 
1.0 0 0 0 
1.0 0 0 0 
1.0 0 0 0 
1.0 0 0 0 
1.0 0 0 0 
1.0 0 0 0 
1.0 0 0 0 
1.0 0 0 0 
1.0 0 0 0 
0 1.0 0 0 
0 0.457843 0.498916 0 
1.0 0 0 0 
1.0 0 0 0 
0 0 0.999824 0 
0 0 1.0 0 
0 1.0 0 0 
0 0 1.0 0 
0 0 0.983827 0 
1.0 0 0 0 
0 0 0 1.0 
0 0 1.0 0 
1.0 0 0 0 
0 0 0.999994 0 
1.0 0 0 0 
0 0 0 1.0 
0 0 0 1.0 
1.0 0 0 0 
0 1.0 0 0 
1.0 0 0 0 
1.0 0 0 0 
1.0 0 0 0 
0 0 1.0 0 
0 0.456141 0 0.470546 
0 0 0 1.0 
1.0 0 0 0 
0 0 0 0.96142 
0 0 0 1.0 
0 0 1.0 0 
1.0 0 0 0 
0 1.0 0 0 
0 0 0 1.0 
0.871454 0 0 0 
0 0 1.0 0 
0 0 1.0 0 
0 0 1.0 0 
0 0 1.0 0 
0 0 0.969698 0 
1.0 0 0 0 
1.0 0 0 0 
0 0 1.0 0 
0 0 0 0.974251 
0 0.999997 0 0 
0 0.999997 0 0 
0 0 0 1.0 
1.0 0 0 0 
1.0 0 0 0 
0.435244 0 0.564756 0 
0 0 0 1.0 
0.995736 0 0 0 
1.0 0 0 0 
0 1.0 0 0 
1.0 0 0 0 
1.0 0 0 0 
1.0 0 0 0 
0.99999 0 0 0 
1.0 0 0 0 
1.0 0 0 0 
1.0 0 0 0 
1.0 0 0 0 
0 0 1.0 0 
1.0 0 0 0 
0 1.0 0 0 
1.0 0 0 0 
0 0 0.94992 0 
0 1.0 0 0 
0 0 1.0 0 
0 0.999563 0 0 
0 0 1.0 0 
0 0 1.0 0 
0 0 0 1.0 
0 0 0 1.0 
0 0.999563 0 0 
0 1.0 0 0 
0 1.0 0 0 
0 1.0 0 0 
0 0.999997 0 0 
0 1.0 0 0 
0 1.0 0 0 
0 0.878892 0 0 
0 1.0 0 0 
1.0 0 0 0 
0 1.0 0 0 
0 1.0 0 0 
0 1.0 0 0 
0 1.0 0 0 
0 1.0 0 0 
0 1.0 0 0 
1.0 0 0 0 
0 0.674762 0 0 
0 0 1.0 0 
0.76111 0 0 0 
0 1.0 0 0 
0 0.903812 0 0 
0 1.0 0 0 
0 1.0 0 0 
0 1.0 0 0 
0 0.896583 0 0 
0 1.0 0 0 
0 1.0 0 0 
0 1.0 0 0 
0 0 1.0 0 
0 1.0 0 0 
0 1.0 0 0 
0 1.0 0 0 
0 0.994265 0 0 
0 0 0 1.0 
0 1.0 0 0 
0 1.0 0 0 
0 1.0 0 0 
0 1.0 0 0 
0 0 0 1.0 
0.991381 0 0 0 
0 1.0 0 0 
0 1.0 0 0 
0 1.0 0 0 
0 0.751921 0 0 
0 1.0 0 0 
0 1.0 0 0 
0 1.0 0 0 
0 0 0.999721 0 
0 1.0 0 0 
0 1.0 0 0 
0.365634 0.63434 0 0 
0 1.0 0 0 
0 0 0 1.0 
0 1.0 0 0 
0 0.38741 0.583107 0 
0 0 1.0 0 
0 1.0 0 0 
0 1.0 0 0 
0 0.999998 0 0 
0.999987 0 0 0 
0 1.0 0 0 
0.910941 0 0 0 
0 1.0 0 0 
0.999981 0 0 0 
0 1.0 0 0 
0 1.0 0 0 
0 1.0 0 0 
0 0 1.0 0 
0 0 0 1.0 
0 0 1.0 0 
0 1.0 0 0 
0 1.0 0 0 
0 0 0 0.999985 
0 1.0 0 0 
0 0 1.0 0 
0 0 0 1.0 
0 0 0.718135 0 
0 1.0 0 0 
0 0.982563 0 0 
0.967564 0 0 0 
0 0 0 0.99949 
0 0 0 0.992932 
0.958247 0 0 0 
0 0 0.999993 0 
0 1.0 0 0 
0.999821 0 0 0 
0 1.0 0 0 
0 1.0 0 0 
0 0 0 1.0 
0 0 0.999998 0 
0 0 0 1.0 
0 1.0 0 0 
0 1.0 0 0 
0 1.0 0 0 
0 1.0 0 0 
0 0 1.0 0 
1.0 0 0 0 
0 1.0 0 0 
0 0 0 1.0 
0 0 0 0.999997 
0 0 0 1.0 
0 0 0 1.0 
0 1.0 0 0 
0 0 0 1.0 
0 1.0 0 0 
0 1.0 0 0 
0 1.0 0 0 
0 0 0.850808 0 
0 1.0 0 0 
0 1.0 0 0 
0 0.996265 0 0 
0 0.999998 0 0 
0 1.0 0 0 
0 1.0 0 0 
0 1.0 0 0 
0 1.0 0 0 
0 1.0 0 0 
0.999984 0 0 0 
0 1.0 0 0 
1.0 0 0 0 
0 1.0 0 0 
0 0 1.0 0 
0 0 0 0.999158 
0 1.0 0 0 
0 1.0 0 0 
0 0.989325 0 0 
0 1.0 0 0 
0 0 0.999996 0 
0 0.999997 0 0 
0 1.0 0 0 
0 1.0 0 0 
0 1.0 0 0 
0 0 0.933454 0 
0 0 0 1.0 
0 0 0.979229 0 
0 1.0 0 0 
0 1.0 0 0 
0 1.0 0 0 
0 0 0 0.713558 
0 1.0 0 0 
1.0 0 0 0 
0 1.0 0 0 
0 0.999824 0 0 
0 1.0 0 0 
0 0.568782 0.428479 0 
0 1.0 0 0 
0 1.0 0 0 
0 1.0 0 0 
0 0.99383 0 0 
0 1.0 0 0 
0 1.0 0 0 
0 1.0 0 0 
0.825578 0 0 0 
0 1.0 0 0 
1.0 0 0 0 
1.0 0 0 0 
1.0 0 0 0 
0 1.0 0 0 
0 1.0 0 0 
0 1.0 0 0 
0 1.0 0 0 
0 1.0 0 0 
0 1.0 0 0 
0 1.0 0 0 
0 0 0.72689 0 
0 1.0 0 0 
0 1.0 0 0 
0 0.660509 0.33949 0 
0 1.0 0 0 
0 0 0.999957 0 
0 1.0 0 0 
0 0 0 0.999954 
0 1.0 0 0 
0 1.0 0 0 
0 1.0 0 0 
0 1.0 0 0 
0 0 1.0 0 
0 1.0 0 0 
0 1.0 0 0 
0 1.0 0 0 
0 1.0 0 0 
0 1.0 0 0 
0.978725 0 0 0 
0 1.0 0 0 
0 0.998469 0 0 
0 1.0 0 0 
0 0 0 1.0 
0 1.0 0 0 
0 1.0 0 0 
0 0.902128 0 0 
0 1.0 0 0 
0 1.0 0 0 
0 1.0 0 0 
0 1.0 0 0 
0 1.0 0 0 
0 1.0 0 0 
0 1.0 0 0 
0 1.0 0 0 
0 1.0 0 0 
0 1.0 0 0 
0 0 0.999994 0 
0 1.0 0 0 
0 1.0 0 0 
0 1.0 0 0 
0 0 0 1.0 
0 1.0 0 0 
0 1.0 0 0 
0 0 1.0 0 
0 1.0 0 0 
0 1.0 0 0 
0 1.0 0 0 
0 1.0 0 0 
0 1.0 0 0 
0 1.0 0 0 
0 1.0 0 0 
0 1.0 0 0 
0 1.0 0 0 
0 0.514434 0.485566 0 
0 1.0 0 0 
0 0 1.0 0 
0 1.0 0 0 
1.0 0 0 0 
0 1.0 0 0 
0 1.0 0 0 
0 1.0 0 0 
0 1.0 0 0 
0 1.0 0 0 
0 1.0 0 0 
0 0 0.998838 0 
0 1.0 0 0 
0 0.999666 0 0 
0 0 0 0.808573 
0 0 0.774103 0 
0 1.0 0 0 
0 1.0 0 0 
0 0.997744 0 0 
0 1.0 0 0 
0 1.0 0 0 
0 1.0 0 0 
0 0 1.0 0 
0 1.0 0 0 
0 1.0 0 0 
0 0.392292 0.607683 0 
0 1.0 0 0 
0 1.0 0 0 
0 1.0 0 0 
0 1.0 0 0 
0 1.0 0 0 
0 1.0 0 0 
0 0 0.990708 0 
0 1.0 0 0 
0 1.0 0 0 
0 0.974899 0 0 
0 1.0 0 0 
0 1.0 0 0 
0 1.0 0 0 
0 1.0 0 0 
0 1.0 0 0 
0 1.0 0 0 
0 1.0 0 0 
0 1.0 0 0 
0 1.0 0 0 
0 1.0 0 0 
0 0 0 1.0 
0 1.0 0 0 
0 1.0 0 0 
0 1.0 0 0 
0 0 0 1.0 
0 0.941411 0 0 
0 0 1.0 0 
0 1.0 0 0 
0 1.0 0 0 
0 0 1.0 0 
0 0.999838 0 0 
0 1.0 0 0 
0 1.0 0 0 
0 0 0 1.0 
0 1.0 0 0 
0 1.0 0 0 
0 1.0 0 0 
0 0 0 1.0 
1.0 0 0 0 
0 1.0 0 0 
0 1.0 0 0 
0.999201 0 0 0 
0 0.905227 0 0 
0 1.0 0 0 
1.0 0 0 0 
0 1.0 0 0 
0 1.0 0 0 
0.369118 0.630856 0 0 
0 1.0 0 0 
0 1.0 0 0 
0.999979 0 0 0 
0 0.999982 0 0 
0 1.0 0 0 
0 1.0 0 0 
0 1.0 0 0 
0 1.0 0 0 
0 1.0 0 0 
0 1.0 0 0 
0 1.0 0 0 
0 1.0 0 0 
0 0 1.0 0 
0 0.335468 0.664318 0 
0 0 1.0 0 
0 1.0 0 0 
0 1.0 0 0 
0 0 1.0 0 
0 0.789585 0 0 
0 0.95061 0 0 
0 1.0 0 0 
0 0 0 1.0 
0 1.0 0 0 
0 0 1.0 0 
0 1.0 0 0 
0 1.0 0 0 
0 0 0.794206 0 
0 1.0 0 0 
0 1.0 0 0 
0 1.0 0 0 
0 1.0 0 0 
0.648041 0.351959 0 0 
0 1.0 0 0 
0 0 1.0 0 
0 1.0 0 0 
0 1.0 0 0 
0 0 0.989185 0 
0 0 0 1.0 
0 1.0 0 0 
0 0 0 1.0 
0 1.0 0 0 
0.999973 0 0 0 
0 1.0 0 0 
0 0 0.997447 0 
0 0.939151 0 0 
0 1.0 0 0 
0 1.0 0 0 
0 1.0 0 0 
0 0 0 1.0 
0 0 0 0.999801 
0 1.0 0 0 
0 1.0 0 0 
0 0 1.0 0 
0 1.0 0 0 
0 1.0 0 0 
0 1.0 0 0 
0 1.0 0 0 
0 1.0 0 0 
1.0 0 0 0 
0 0 1.0 0 
0 1.0 0 0 
0 1.0 0 0 
0 1.0 0 0 
0 1.0 0 0 
0 1.0 0 0 
0 1.0 0 0 
0 0 1.0 0 
0 0 1.0 0 
0 1.0 0 0 
0 0 0 1.0 
0 1.0 0 0 
0 0 0 0.999837 
0 1.0 0 0 
0 1.0 0 0 
0 1.0 0 0 
0 1.0 0 0 
0 1.0 0 0 
0 1.0 0 0 
0 0 1.0 0 
0 1.0 0 0 
0 1.0 0 0 
0 1.0 0 0 
0 1.0 0 0 
0 1.0 0 0 
0 1.0 0 0 
0 1.0 0 0 
0 0 1.0 0 
0.997183 0 0 0 
0 0 0 1.0 
0 0 0 1.0 
0 1.0 0 0 
1.0 0 0 0 
0 1.0 0 0 
0 0 0 0.999856 
0 0.999999 0 0 
0 0.990902 0 0 
0 1.0 0 0 
0 1.0 0 0 
0 0.986272 0 0 
0 1.0 0 0 
0 1.0 0 0 
0 0.999189 0 0 
1.0 0 0 0 
0 1.0 0 0 
0 0 0 0.955579 
0 0 0 1.0 
0 1.0 0 0 
0 1.0 0 0 
0 1.0 0 0 
0 0.977675 0 0 
0 0 0.999999 0 
0 1.0 0 0 
0 1.0 0 0 
0 1.0 0 0 
0 0.999899 0 0 
0 1.0 0 0 
0 0 1.0 0 
0 0 0.806082 0 
0 0 0 0.994065 
0.999978 0 0 0 
0 0 0 0.999999 
0 0 0.806082 0 
0 0 0 1.0 
0 1.0 0 0 
0 1.0 0 0 
0 0 0 0.999997 
0 1.0 0 0 
0 1.0 0 0 
0 1.0 0 0 
0 0.758522 0 0 
0 0.346897 0.651888 0 
0 0 1.0 0 
0 0.999955 0 0 
0 0 0 1.0 
0 0 0 1.0 
0 0 0.806082 0 
0 1.0 0 0 
0 1.0 0 0 
0 0 0.806082 0 
0 1.0 0 0 
0 1.0 0 0 
1.0 0 0 0 
0 0.997115 0 0 
0 1.0 0 0 
0 0 0.806082 0 
0 0.748456 0 0 
0 0.30559 0.670169 0 
0 0 0 1.0 
0 0.999174 0 0 
0 1.0 0 0 
0 1.0 0 0 
0 0 0.999997 0 
0 0 0.565858 0 
0 0 0 0.943657 
0 0 1.0 0 
1.0 0 0 0 
0 0.548749 0.451011 0 
0 0 1.0 0 
0 0 1.0 0 
0 0 1.0 0 
0 0 1.0 0 
0 1.0 0 0 
0 0 1.0 0 
0 0 1.0 0 
0 1.0 0 0 
0 0 1.0 0 
0.998097 0 0 0 
0 0 0.704383 0 
0 0 1.0 0 
0 0 1.0 0 
0 0 1.0 0 
0.999998 0 0 0 
0 1.0 0 0 
1.0 0 0 0 
0.999998 0 0 0 
0.999995 0 0 0 
0 0.999949 0 0 
0 0 0.999914 0 
0 0 1.0 0 
0 1.0 0 0 
1.0 0 0 0 
0 0 0 0.934819 
0 0 1.0 0 
0.999988 0 0 0 
1.0 0 0 0 
0.989851 0 0 0 
0 0 0.998657 0 
0 0 1.0 0 
0 0 0 1.0 
0 0.999998 0 0 
0 1.0 0 0 
0 0 1.0 0 
0 0 1.0 0 
0 1.0 0 0 
0 0 1.0 0 
0 0 1.0 0 
1.0 0 0 0 
0 0 0 0.999955 
1.0 0 0 0 
0 0 0 0.993118 
0 0 0 1.0 
0 1.0 0 0 
1.0 0 0 0 
1.0 0 0 0 
1.0 0 0 0 
0 0 0 0.937802 
0 0 0 0.937802 
0 0 0 0.937802 
0 0.490015 0.509002 0 
0 0 1.0 0 
0.81721 0 0 0 
1.0 0 0 0 
0 0 0.984369 0 
0 0 0 0.994223 
0 0 1.0 0 
0 0 1.0 0 
0 1.0 0 0 
0.999556 0 0 0 
0 0 1.0 0 
0 0 1.0 0 
0 0 0 1.0 
0 0 1.0 0 
1.0 0 0 0 
0 0.999867 0 0 
1.0 0 0 0 
0 0 1.0 0 
0 0 1.0 0 
0 0 1.0 0 
0 0 1.0 0 
1.0 0 0 0 
0 0 0 1.0 
0 0 1.0 0 
0 0.746983 0 0 
0 0 0.996482 0 
0 0 1.0 0 
0 0 1.0 0 
0 0.999836 0 0 
0 0 1.0 0 
1.0 0 0 0 
0 0 1.0 0 
0 0 0.999254 0 
1.0 0 0 0 
0 0 0 0.999813 
0 0 0 1.0 
0 0 0 1.0 
0 0 0 0.999999 
0 0 1.0 0 
1.0 0 0 0 
0 0 1.0 0 
0 0 1.0 0 
0 0 1.0 0 
0 0 1.0 0 
0 0 0.99546 0 
0 0 0.704383 0 
0 1.0 0 0 
0 0 1.0 0 
0 0 1.0 0 
0 0 1.0 0 
0 0 1.0 0 
0 0 1.0 0 
0 0 1.0 0 
0 0 1.0 0 
0 0 1.0 0 
0 0 0.914487 0 
0 0 1.0 0 
0.718164 0 0 0 
0 0 1.0 0 
0 0 1.0 0 
0 0 1.0 0 
0 0.976788 0 0 
0 0 1.0 0 
0 0 1.0 0 
0 0 0.999909 0 
0 0 1.0 0 
1.0 0 0 0 
0.546279 0 0.44676 0 
0 0 1.0 0 
0.519061 0.480939 0 0 
0 0 1.0 0 
0 0 0.998835 0 
1.0 0 0 0 
0 0 1.0 0 
0 0 1.0 0 
0 0.999936 0 0 
0 0 0.978344 0 
0 0 0.908397 0 
0 0 1.0 0 
0 0 1.0 0 
0 0 1.0 0 
0 0.9924 0 0 
0 0 0.999963 0 
0 0 1.0 0 
0 0 0.999995 0 
0 0.912479 0 0 
0 0 1.0 0 
0 0 1.0 0 
0 0 1.0 0 
0 0 1.0 0 
0 0 1.0 0 
0 0 0.999968 0 
0 0 0.999974 0 
0 0 1.0 0 
0 0 1.0 0 
0 0 0.999968 0 
0 0 1.0 0 
0 0 1.0 0 
0 0 1.0 0 
0 0 1.0 0 
0.764089 0 0 0 
0 0 0.908397 0 
0 0 1.0 0 
0 0 1.0 0 
0.998097 0 0 0 
0 0 1.0 0 
0 0 1.0 0 
0 0 0.979961 0 
0 0 1.0 0 
0 0 1.0 0 
0 0 1.0 0 
0 0 1.0 0 
0 0 1.0 0 
0 0 0 1.0 
0 0 1.0 0 
0 0 1.0 0 
0.99899 0 0 0 
0 0 1.0 0 
0 0 0 1.0 
0 0 0.999997 0 
0 0 1.0 0 
0 0 1.0 0 
0.760853 0 0 0 
0 0.450139 0.549861 0 
0.760853 0 0 0 
0.760853 0 0 0 
0 0 0.999997 0 
0 0.999999 0 0 
0 0 1.0 0 
1.0 0 0 0 
0 0 1.0 0 
0 0 1.0 0 
0 1.0 0 0 
0 0 1.0 0 
0 0 1.0 0 
0 0.349652 0.650348 0 
0 0 1.0 0 
0 0 1.0 0 
0 0 1.0 0 
0 0 1.0 0 
0 0 1.0 0 
0 0 1.0 0 
0 0 1.0 0 
0 0 1.0 0 
0 0 1.0 0 
0 0 1.0 0 
1.0 0 0 0 
0 0 1.0 0 
0 0 1.0 0 
0 0 1.0 0 
0 0 1.0 0 
0 0 1.0 0 
0 0 0.99109 0 
0 0 1.0 0 
0 0 1.0 0 
0 0 1.0 0 
0 0 1.0 0 
0 0 1.0 0 
0 0 1.0 0 
1.0 0 0 0 
0 0 1.0 0 
0.99947 0 0 0 
0 0 1.0 0 
0 0 1.0 0 
0 0 1.0 0 
0.989389 0 0 0 
0 0 1.0 0 
0 0 0 1.0 
0.814055 0 0 0 
0 0 1.0 0 
0 0 1.0 0 
0 0 1.0 0 
0 0 1.0 0 
0 0 1.0 0 
0 1.0 0 0 
0 0 1.0 0 
0 0 1.0 0 
0 0 1.0 0 
0 0 1.0 0 
0 0 1.0 0 
0 0 1.0 0 
0 0 1.0 0 
0 0 1.0 0 
0 1.0 0 0 
1.0 0 0 0 
0 0 1.0 0 
1.0 0 0 0 
0 0 1.0 0 
0 0 1.0 0 
0 0 0.873276 0 
0 0 0 1.0 
0.407581 0 0 0.375392 
0 0 1.0 0 
0 0 1.0 0 
0 0 1.0 0 
0 0 1.0 0 
0 0 1.0 0 
0 0 1.0 0 
0.516331 0 0 0 
0 0 1.0 0 
0 0 1.0 0 
0 0 1.0 0 
0 0 1.0 0 
0 0 1.0 0 
0 0 1.0 0 
0 0 1.0 0 
0 0 1.0 0 
0 0 1.0 0 
0 0 1.0 0 
1.0 0 0 0 
0 0 1.0 0 
0 0 1.0 0 
0 0 1.0 0 
0 1.0 0 0 
0 0 1.0 0 
0 0 1.0 0 
1.0 0 0 0 
0 0 1.0 0 
0 0 1.0 0 
0 0 1.0 0 
0 0 1.0 0 
0 0 0.969783 0 
0 0 1.0 0 
0 0 1.0 0 
0 0 1.0 0 
0 0 0.794045 0 
0 1.0 0 0 
0 0 1.0 0 
0 0 0.999995 0 
0 0 1.0 0 
0 0 1.0 0 
1.0 0 0 0 
0 0 1.0 0 
0.991882 0 0 0 
0 0 1.0 0 
0 0 1.0 0 
0 0 1.0 0 
1.0 0 0 0 
0 0 1.0 0 
0.9174 0 0 0 
0 0 1.0 0 
0 0 1.0 0 
0 0 1.0 0 
0 1.0 0 0 
0 1.0 0 0 
0 0 1.0 0 
0 0 1.0 0 
0 0 1.0 0 
0 0 0.999999 0 
0 0 1.0 0 
0 0 1.0 0 
0 0 1.0 0 
0 0 1.0 0 
0 0 1.0 0 
0 0 1.0 0 
0 0 1.0 0 
0 0 1.0 0 
0 0 0.998417 0 
0 0 1.0 0 
0 1.0 0 0 
1.0 0 0 0 
0 0 1.0 0 
0 0 1.0 0 
0 0 0.979276 0 
0 0 1.0 0 
0 0 1.0 0 
0.793962 0 0 0 
0 1.0 0 0 
1.0 0 0 0 
0 0 0.999998 0 
0 0 1.0 0 
0 0 0 1.0 
0 0 0 1.0 
0 0 1.0 0 
0 0 1.0 0 
0 0 0 1.0 
0 0 1.0 0 
0 0 1.0 0 
0 0 1.0 0 
0 0 1.0 0 
0 0.591687 0.40805 0 
0 0 1.0 0 
0 0 1.0 0 
0 0 1.0 0 
0 0 1.0 0 
0 0 0.999998 0 
0 0 1.0 0 
0 0 0.999451 0 
0 0 1.0 0 
0 0 1.0 0 
0 0 1.0 0 
0 0 1.0 0 
0 1.0 0 0 
0 0 1.0 0 
0 0 1.0 0 
0.880474 0 0 0 
0 0 1.0 0 
0 0 1.0 0 
0 1.0 0 0 
0 0 1.0 0 
0 0 0.999515 0 
0 0 1.0 0 
0 0 1.0 0 
0 0 0 0.999844 
0 0 1.0 0 
0 0 1.0 0 
0 0 1.0 0 
0 0 1.0 0 
0 0 1.0 0 
0 0 1.0 0 
0 0 1.0 0 
0 0 1.0 0 
1.0 0 0 0 
0 0 1.0 0 
0 1.0 0 0 
0 1.0 0 0 
0 0 0.999998 0 
0 0 1.0 0 
0 0 1.0 0 
0 0 1.0 0 
1.0 0 0 0 
0.999574 0 0 0 
0 0 1.0 0 
0 0 0.987761 0 
0 0 1.0 0 
0 0 1.0 0 
0 0 1.0 0 
0 0 1.0 0 
0 0 1.0 0 
0 0 1.0 0 
0 0 1.0 0 
0 0 1.0 0 
0 0 1.0 0 
0 0 0 0.900696 
0 0 1.0 0 
0 0 1.0 0 
0 0 0 1.0 
0 0 1.0 0 
0 0 1.0 0 
0 0.999494 0 0 
0 0 0 0.999998 
0 0 1.0 0 
0 0 1.0 0 
0 0 1.0 0 
0 0 0.999906 0 
1.0 0 0 0 
0 0 0.912159 0 
0 0 1.0 0 
1.0 0 0 0 
0 0 0 0.999999 
0 0 0.996999 0 
0 0 0.999971 0 
0 1.0 0 0 
0 0 0 1.0 
0 0 0 1.0 
0 0 1.0 0 
0 1.0 0 0 
0 0 1.0 0 
0 0 1.0 0 
0 0 0 0.979001 
0 0 1.0 0 
0 0 1.0 0 
1.0 0 0 0 
0 0 0.999999 0 
0 0.378305 0.495739 0 
0 0 0.946462 0 
0 0 1.0 0 
0 0 1.0 0 
0 0 1.0 0 
0 0 1.0 0 
0 0 0.999923 0 
0 0 1.0 0 
0 0 0 0.994796 
0 0 0 1.0 
0 0 1.0 0 
0 0 1.0 0 
0 0 1.0 0 
0 0 0.999961 0 
0 0 1.0 0 
0 0 1.0 0 
0 0 1.0 0 
0 0 1.0 0 
0 0 1.0 0 
0 0 1.0 0 
0 0 0.999928 0 
0 0 1.0 0 
0 0 1.0 0 
0 1.0 0 0 
0 0 1.0 0 
0 0 1.0 0 
0 0 1.0 0 
0 0 1.0 0 
0 0 1.0 0 
0 0 1.0 0 
0 0 1.0 0 
0 0 1.0 0 
0 0 0.761854 0 
0 0.996155 0 0 
0 0 1.0 0 
0 0 0.945419 0 
0 0 1.0 0 
0 0 1.0 0 
0 0 0.914737 0 
0 0.99919 0 0 
0 0 1.0 0 
0 0 1.0 0 
0 0 1.0 0 
0 0 0 1.0 
0 0 1.0 0 
0 0 1.0 0 
0 0 0 1.0 
0 0 1.0 0 
0 0 1.0 0 
0 0 1.0 0 
0 0.999989 0 0 
0 1.0 0 0 
0.995604 0 0 0 
0 0 1.0 0 
0 1.0 0 0 
0 0 0.938866 0 
0 0 1.0 0 
0 0 0.978589 0 
0 0 1.0 0 
0 0 1.0 0 
0 0 0.999997 0 
0 0 1.0 0 
0 0 1.0 0 
0 0 1.0 0 
0 0 1.0 0 
0 0 1.0 0 
0 0 1.0 0 
0 0 1.0 0 
0 0 0.999718 0 
0 0 0 0.999993 
0 0.984648 0 0 
0 0 1.0 0 
0 0 1.0 0 
0 0 1.0 0 
0 0.98317 0 0 
0 0 1.0 0 
0 0 0.971895 0 
0 0 0.996093 0 
0 0 1.0 0 
0 0 1.0 0 
0 0 0 1.0 
0 0 1.0 0 
0 0 1.0 0 
0 0 0.998248 0 
1.0 0 0 0 
1.0 0 0 0 
0 0 0 1.0 
0.999901 0 0 0 
0 0 0 1.0 
0 0 0 1.0 
0 0.415543 0 0.584457 
0 0 0 1.0 
0 0 0 0.999955 
0 0 1.0 0 
0 1.0 0 0 
0 0 0 0.999999 
0 0 0 1.0 
0 0 0 1.0 
0.999997 0 0 0 
0 0 0.990819 0 
1.0 0 0 0 
0 0 0 1.0 
1.0 0 0 0 
0 0 0 1.0 
0 0 0 1.0 
0 0 0 1.0 
0 0 0 1.0 
0 0 0 1.0 
0 0 0 1.0 
0.758407 0 0 0 
0 1.0 0 0 
0.999997 0 0 0 
0.999026 0 0 0 
0 0 0 1.0 
0 0 0 1.0 
0 0 0 1.0 
1.0 0 0 0 
0 0 0 1.0 
0 0 0 1.0 
0 0 0 1.0 
0 0 0 1.0 
0 0 0 1.0 
0 0 0 1.0 
0 0 0 1.0 
0 0 0 0.999999 
1.0 0 0 0 
0 0 0 1.0 
0 0 0 1.0 
0 0 0 1.0 
1.0 0 0 0 
1.0 0 0 0 
0 0 0 1.0 
0 0 0 1.0 
0 0 0 1.0 
0 0 0 1.0 
0 1.0 0 0 
0 0 0 0.999387 
0 0 0 0.979474 
0 0 1.0 0 
0 0 0.881373 0 
1.0 0 0 0 
0 0 0 1.0 
1.0 0 0 0 
0 1.0 0 0 
0.999666 0 0 0 
0.449094 0 0 0.550906 
0 0 0 1.0 
1.0 0 0 0 
0 0 0 1.0 
0 0 0 1.0 
1.0 0 0 0 
0 0 0 1.0 
0 0 1.0 0 
0.999617 0 0 0 
0.377376 0.562588 0 0 
0.800952 0 0 0 
0 0 0 1.0 
0 0 0 1.0 
1.0 0 0 0 
0 0 0 1.0 
0 0 0 1.0 
0 0.994928 0 0 
0 0 0 1.0 
0 0 0 1.0 
0 0 0 1.0 
0 0 0 1.0 
0 0 0 1.0 
0 0 0 1.0 
0 0 0 1.0 
0 0 0 1.0 
0 0 0 1.0 
0 0 1.0 0 
0 1.0 0 0 
0 0 0 1.0 
0 0 0 1.0 
0 0 0 1.0 
1.0 0 0 0 
1.0 0 0 0 
1.0 0 0 0 
0 0 0 1.0 
0 0 0 1.0 
0 1.0 0 0 
0 0 0 1.0 
0 0 1.0 0 
0 0 0 1.0 
0 0 0 1.0 
0 0 0 1.0 
1.0 0 0 0 
1.0 0 0 0 
0 0 1.0 0 
0 0 0 1.0 
0 0 0 1.0 
1.0 0 0 0 
0 0 0 1.0 
0 0 0 1.0 
0 0 0 1.0 
0 0 0 1.0 
1.0 0 0 0 
0 1.0 0 0 
0 0 0 1.0 
0 0 1.0 0 
0 0 0 1.0 
1.0 0 0 0 
0 0 0 1.0 
0 1.0 0 0 
0 0 0 1.0 
0 0.999917 0 0 
0 0 1.0 0 
0 0 0 1.0 
0 0 0 1.0 
1.0 0 0 0 
0 0 0 1.0 
0 1.0 0 0 
0 1.0 0 0 
0 0 1.0 0 
0 0 0 1.0 
0 0 0 1.0 
0 0 1.0 0 
1.0 0 0 0 
0 0 0 1.0 
0 0.999999 0 0 
0 0 0 1.0 
0 1.0 0 0 
0 0 1.0 0 
0 0 0 1.0 
0 0 1.0 0 
0 0 0 0.99994 
0 0 0 1.0 
0 1.0 0 0 
0 0 0 0.999997 
0 0 0 1.0 
0 0 0 1.0 
0 0 0 1.0 
0 0 1.0 0 
0 0 0 1.0 
0 0 1.0 0 
0 0 0 1.0 
0 0 0 1.0 
0.962237 0 0 0 
0 0 0 1.0 
0 1.0 0 0 
1.0 0 0 0 
0 0 0 1.0 
0 0 0 1.0 
0 1.0 0 0 
0 0 0 0.999989 
0 0 0 1.0 
0 0 0 1.0 
0 0 0 1.0 
0 0 0 0.997539 
0 0 0 1.0 
0 0 0 1.0 
0 1.0 0 0 
0.626153 0 0 0.373846 
0 0 1.0 0 
0 0 0 1.0 
0 0 0 1.0 
0 0 0 0.99994 
0.830955 0 0 0 
0 0 0 1.0 
1.0 0 0 0 
0.999999 0 0 0 
0 0 0 1.0 
0 0 0 1.0 
0 1.0 0 0 
0.9905 0 0 0 
0 1.0 0 0 
0 0 0 1.0 
0 0 0 0.979397 
0 0 0 1.0 
0 0 0 1.0 
1.0 0 0 0 
0 1.0 0 0 
1.0 0 0 0 
0 0 0 1.0 
0 0 1.0 0 
0 0.700577 0 0 
0 0 0 1.0 
0 0 0 1.0 
0 0 0 1.0 
0 0 0 1.0 
0 0 0 1.0 
0 0 0 1.0 
0 0 0 1.0 
0 0 0 1.0 
0 0 0 1.0 
0 0 0 0.999251 
0 1.0 0 0 
0 1.0 0 0 
0.768248 0 0 0 
0 0 0 1.0 
1.0 0 0 0 
0 0 0 1.0 
0 0 0.655529 0 
1.0 0 0 0 
0.473525 0 0 0.526475 
0 0 0 1.0 
0 0 0 1.0 
0 0 1.0 0 
0 0 0 1.0 
0 1.0 0 0 
0 0 0 1.0 
0 0.999818 0 0 
0 0 0 1.0 
0 0 0 0.99912 
0 0 0 1.0 
0 0 0.999668 0 
0 0 0 1.0 
0 0 0 1.0 
0 0 0 1.0 
0 0 0.998725 0 
0 0 0 1.0 
0 0 0 0.968759 
0 0 0 1.0 
1.0 0 0 0 
0 0 0 1.0 
0 0 1.0 0 
0 0 0 1.0 
0 0 0 1.0 
0 0.99968 0 0 
0 1.0 0 0 
0 0 0 1.0 
0 0 1.0 0 
1.0 0 0 0 
0 0 0 1.0 
0 1.0 0 0 
0 0 0.659543 0.305341 
0 0 0 1.0 
0 0 0 1.0 
0 0 0 1.0 
0 0 0 1.0 
0 0 0 1.0 
0 1.0 0 0 
0 1.0 0 0 
0 0 0.998089 0 
0 0 0 1.0 
0 0 0 1.0 
0 0 0 1.0 
0 0 0 0.999885 
0 0 0 1.0 
0 0 0 1.0 
0 0 0 1.0 
0 0 0 1.0 
0.830955 0 0 0 
0 0 0 1.0 
0 0 0 1.0 
0 1.0 0 0 
0 0 0 1.0 
0 0 0 1.0 
0 0 0.998301 0 
0 0 0 1.0 
0 0 0 0.998579 
0 0 0 0.999976 
0 0 0 1.0 
0 0 0 1.0 
0 0 0 1.0 
0 0 0 1.0 
0 0.999879 0 0 
0 0 0 1.0 
1.0 0 0 0 
0 0 0 1.0 
0 0.879083 0 0 
0 0 0 1.0 
0 0 0.999963 0 
0 0 1.0 0 
0 0 0.999999 0 
0 0 1.0 0 
0 0 0 1.0 
0 0 0 1.0 
0 0 0 1.0 
0 0 0 1.0 
0 0 1.0 0 
0 0 0 1.0 
0.995877 0 0 0 
0 0 1.0 0 
0 0 1.0 0 
0 0 0 0.999993 
0 0 0 1.0 
0 0 1.0 0 
0 0 0 1.0 
1.0 0 0 0 
0 0 1.0 0 
0 0 0 1.0 
0 1.0 0 0 
0 0 0.999891 0 
0 0 0.985515 0 
0 0 0 0.997083 
0 0 0 1.0 
0.987671 0 0 0 
0 0 0 1.0 
0 1.0 0 0 
0 0 0 1.0 
0 0 0 1.0 
0 1.0 0 0 
0 0 0 1.0 
0 0 1.0 0 
0 0 0 1.0 
0 0 0 1.0 
0 0 0.999997 0 
0 0 0 1.0 
0 0 0 0.999601 
0 0 0 1.0 
0 0 0 0.999944 
0 0.999999 0 0 
0 0 0 1.0 
0 0 0 1.0 
0 0 0 1.0 
0 0 0 1.0 
0 0 0 0.852242 
0 0 0 0.965458 
0 0 0 1.0 
0 0 1.0 0 
0 0 0 0.995146 
0 0 1.0 0 
0 0 0 1.0 
0 0 0 1.0 
0 0 0 1.0 
0.987012 0 0 0 
0 0 0 1.0 
0 0.717723 0 0 
0 0 1.0 0 
0 0 1.0 0 
0 0 0 1.0 
0 0 0 1.0 
0 0 0 1.0 
0 0 0 1.0 
0 0 0 1.0 
0 0 0 1.0 
0 0 0 0.867094 
0 0 0 1.0 
0 0 0 1.0 
0 0 0 0.965188 
0 0 0 1.0 
0 0 0 1.0 
0 0 0 1.0 
0 0 0 1.0 
0 0 0 1.0 
0.830955 0 0 0 
0 0 0 1.0 
0 0 0.686678 0.31332 
0 0 0 0.999907 
0 0 0 1.0 
1.0 0 0 0 
0 0 0 1.0 
0 0 0 0.999999 
1.0 0 0 0 
0 0 0 1.0 
0 0 0 1.0 
0 0 0 1.0 
0 0 0 1.0 
0 0 0 1.0 
0 0 0 1.0 
0 0 0 1.0 
0 0 0 1.0 
0 0 0 1.0 
1.0 0 0 0 
0 0 0 1.0 
0 0 0 1.0 
0 0 0 1.0 
0 0 1.0 0 
0 0 0 1.0 
1.0 0 0 0 
0 0 0 1.0 
0 0 0 1.0 
0 0 0 1.0 
0 0 0 0.981669 
