1446
1.0 0 0 0 
0.999996 0 0 0 
0 0 0 1.0 
0 0.99999 0 0 
1.0 0 0 0 
1.0 0 0 0 
0 0 1.0 0 
1.0 0 0 0 
1.0 0 0 0 
1.0 0 0 0 
1.0 0 0 0 
0.995101 0 0 0 
0.995101 0 0 0 
1.0 0 0 0 
0.999999 0 0 0 
1.0 0 0 0 
0.975898 0 0 0 
1.0 0 0 0 
1.0 0 0 0 
1.0 0 0 0 
1.0 0 0 0 
1.0 0 0 0 
1.0 0 0 0 
1.0 0 0 0 
1.0 0 0 0 
1.0 0 0 0 
1.0 0 0 0 
0.544584 0 0 0 
1.0 0 0 0 
1.0 0 0 0 
1.0 0 0 0 
1.0 0 0 0 
1.0 0 0 0 
0 1.0 0 0 
0 0 0 1.0 
1.0 0 0 0 
0 0 0 1.0 
1.0 0 0 0 
1.0 0 0 0 
1.0 0 0 0 
0.996684 0 0 0 
0 1.0 0 0 
1.0 0 0 0 
1.0 0 0 0 
1.0 0 0 0 
1.0 0 0 0 
0.999723 0 0 0 
1.0 0 0 0 
0.998482 0 0 0 
0 0 1.0 0 
1.0 0 0 0 
1.0 0 0 0 
1.0 0 0 0 
0 1.0 0 0 
1.0 0 0 0 
1.0 0 0 0 
1.0 0 0 0 
1.0 0 0 0 
0 0 0 0.882036 
0 1.0 0 0 
0.997711 0 0 0 
1.0 0 0 0 
1.0 0 0 0 
1.0 0 0 0 
0.999993 0 0 0 
0 0 0.999982 0 
1.0 0 0 0 
1.0 0 0 0 
1.0 0 0 0 
0.999999 0 0 0 
1.0 0 0 0 
1.0 0 0 0 
0.707279 0 0 0 
1.0 0 0 0 
1.0 0 0 0 
1.0 0 0 0 
1.0 0 0 0 
0.999883 0 0 0 
1.0 0 0 0 
1.0 0 0 0 
1.0 0 0 0 
1.0 0 0 0 
1.0 0 0 0 
1.0 0 0 0 
0 0 0 1.0 
1.0 0 0 0 
0 0 0 1.0 
0 0 0 1.0 
1.0 0 0 0 
1.0 0 0 0 
0.999477 0 0 0 
1.0 0 0 0 
1.0 0 0 0 
1.0 0 0 0 
0 0 1.0 0 
1.0 0 0 0 
1.0 0 0 0 
1.0 0 0 0 
1.0 0 0 0 
1.0 0 0 0 
1.0 0 0 0 
1.0 0 0 0 
0 0.999991 0 0 
1.0 0 0 0 
0.999817 0 0 0 
1.0 0 0 0 
1.0 0 0 0 
1.0 0 0 0 
0 0.99999 0 0 
1.0 0 0 0 
1.0 0 0 0 
1.0 0 0 0 
1.0 0 0 0 
1.0 0 0 0 
1.0 0 0 0 
1.0 0 0 0 
1.0 0 0 0 
1.0 0 0 0 
1.0 0 0 0 
1.0 0 0 0 
0 1.0 0 0 
1.0 0 0 0 
1.0 0 0 0 
0 0 1.0 0 
1.0 0 0 0 
0 1.0 0 0 
0.999982 0 0 0 
1.0 0 0 0 
0 0 0.83999 0 
1.0 0 0 0 
1.0 0 0 0 
1.0 0 0 0 
1.0 0 0 0 
1.0 0 0 0 
1.0 0 0 0 
0.998741 0 0 0 
1.0 0 0 0 
1.0 0 0 0 
0 0.34176 0 0.65824 
1.0 0 0 0 
1.0 0 0 0 
0.999954 0 0 0 
1.0 0 0 0 
1.0 0 0 0 
0 1.0 0 0 
1.0 0 0 0 
1.0 0 0 0 
1.0 0 0 0 
1.0 0 0 0 
1.0 0 0 0 
1.0 0 0 0 
0.999978 0 0 0 
1.0 0 0 0 
1.0 0 0 0 
0.999999 0 0 0 
1.0 0 0 0 
1.0 0 0 0 
1.0 0 0 0 
0 0.994372 0 0 
0.99126 0 0 0 
0 0.978844 0 0 
1.0 0 0 0 
1.0 0 0 0 
0 0 0 1.0 
1.0 0 0 0 
1.0 0 0 0 
1.0 0 0 0 
0.996845 0 0 0 
1.0 0 0 0 
1.0 0 0 0 
0 0 1.0 0 
1.0 0 0 0 
1.0 0 0 0 
0 0 0 1.0 
0.999893 0 0 0 
0.999998 0 0 0 
1.0 0 0 0 
0.999368 0 0 0 
0 0 1.0 0 
1.0 0 0 0 
0 1.0 0 0 
1.0 0 0 0 
0.999961 0 0 0 
1.0 0 0 0 
0 0.999949 0 0 
1.0 0 0 0 
1.0 0 0 0 
1.0 0 0 0 
1.0 0 0 0 
1.0 0 0 0 
0.935068 0 0 0 
0.522134 0.477804 0 0 
1.0 0 0 0 
0 0.998627 0 0 
1.0 0 0 0 
1.0 0 0 0 
1.0 0 0 0 
1.0 0 0 0 
0.99958 0 0 0 
1.0 0 0 0 
0 0.829933 0 0 
1.0 0 0 0 
1.0 0 0 0 
1.0 0 0 0 
1.0 0 0 0 
1.0 0 0 0 
0 0 0 1.0 
1.0 0 0 0 
1.0 0 0 0 
1.0 0 0 0 
1.0 0 0 0 
1.0 0 0 0 
1.0 0 0 0 
0 0 0 1.0 
1.0 0 0 0 
0.999712 0 0 0 
0 0.819027 0 0 
1.0 0 0 0 
1.0 0 0 0 
1.0 0 0 0 
1.0 0 0 0 
1.0 0 0 0 
1.0 0 0 0 
1.0 0 0 0 
0.999999 0 0 0 
1.0 0 0 0 
1.0 0 0 0 
1.0 0 0 0 
1.0 0 0 0 
0.999999 0 0 0 
1.0 0 0 0 
1.0 0 0 0 
0 0 1.0 0 
1.0 0 0 0 
1.0 0 0 0 
1.0 0 0 0 
0 1.0 0 0 
1.0 0 0 0 
1.0 0 0 0 
1.0 0 0 0 
1.0 0 0 0 
1.0 0 0 0 
1.0 0 0 0 
0.999985 0 0 0 
1.0 0 0 0 
1.0 0 0 0 
1.0 0 0 0 
1.0 0 0 0 
1.0 0 0 0 
1.0 0 0 0 
1.0 0 0 0 
1.0 0 0 0 
0 1.0 0 0 
0 0 0.997245 0 
0 1.0 0 0 
1.0 0 0 0 
0.994337 0 0 0 
1.0 0 0 0 
1.0 0 0 0 
1.0 0 0 0 
1.0 0 0 0 
1.0 0 0 0 
1.0 0 0 0 
1.0 0 0 0 
1.0 0 0 0 
0 1.0 0 0 
1.0 0 0 0 
0 0 1.0 0 
0 0 1.0 0 
1.0 0 0 0 
1.0 0 0 0 
0 0 0.999874 0 
1.0 0 0 0 
0 1.0 0 0 
1.0 0 0 0 
1.0 0 0 0 
1.0 0 0 0 
0.99725 0 0 0 
1.0 0 0 0 
1.0 0 0 0 
0.999976 0 0 0 
1.0 0 0 0 
1.0 0 0 0 
1.0 0 0 0 
1.0 0 0 0 
0.999651 0 0 0 
1.0 0 0 0 
0 1.0 0 0 
1.0 0 0 0 
1.0 0 0 0 
1.0 0 0 0 
1.0 0 0 0 
0 0.999994 0 0 
1.0 0 0 0 
1.0 0 0 0 
1.0 0 0 0 
1.0 0 0 0 
1.0 0 0 0 
1.0 0 0 0 
0.999587 0 0 0 
1.0 0 0 0 
1.0 0 0 0 
1.0 0 0 0 
1.0 0 0 0 
0 1.0 0 0 
1.0 0 0 0 
1.0 0 0 0 
1.0 0 0 0 
1.0 0 0 0 
1.0 0 0 0 
1.0 0 0 0 
1.0 0 0 0 
1.0 0 0 0 
1.0 0 0 0 
1.0 0 0 0 
0.999999 0 0 0 
0.512304 0 0 0 
0.999802 0 0 0 
0 1.0 0 0 
0 0.999788 0 0 
1.0 0 0 0 
0 0.780376 0 0 
0.790865 0 0 0 
1.0 0 0 0 
1.0 0 0 0 
0 0 0.744985 0 
1.0 0 0 0 
1.0 0 0 0 
0 0 0 1.0 
1.0 0 0 0 
0 0 0 1.0 
0 0.912898 0 0 
1.0 0 0 0 
0 1.0 0 0 
1.0 0 0 0 
0 0.968197 0 0 
1.0 0 0 0 
1.0 0 0 0 
0 0 0 1.0 
1.0 0 0 0 
0 0 0 0.999999 
0 0 0 0.542108 
1.0 0 0 0 
0 0 1.0 0 
1.0 0 0 0 
0 0 0 0.999748 
1.0 0 0 0 
0 0 0 0.960515 
0.770318 0 0 0 
0 0 0 0.835911 
0 0 1.0 0 
1.0 0 0 0 
0 0 0 0.999992 
1.0 0 0 0 
0 0 0 1.0 
1.0 0 0 0 
0 0 1.0 0 
1.0 0 0 0 
1.0 0 0 0 
0 0 0 0.958407 
1.0 0 0 0 
1.0 0 0 0 
0 1.0 0 0 
0.99747 0 0 0 
0 0 0.84009 0 
1.0 0 0 0 
1.0 0 0 0 
1.0 0 0 0 
0 0 0.999998 0 
0 0 1.0 0 
0 0 0 1.0 
1.0 0 0 0 
1.0 0 0 0 
1.0 0 0 0 
0 0 0 1.0 
1.0 0 0 0 
0 1.0 0 0 
0 1.0 0 0 
0 1.0 0 0 
0 1.0 0 0 
0 1.0 0 0 
0 1.0 0 0 
1.0 0 0 0 
1.0 0 0 0 
0 1.0 0 0 
1.0 0 0 0 
0 0 0 1.0 
0 0 0 1.0 
0 0 0 1.0 
0 1.0 0 0 
0.999999 0 0 0 
1.0 0 0 0 
0 1.0 0 0 
0 1.0 0 0 
0 1.0 0 0 
1.0 0 0 0 
0 1.0 0 0 
0 1.0 0 0 
0 1.0 0 0 
1.0 0 0 0 
0 0.567548 0.432452 0 
0 1.0 0 0 
0 1.0 0 0 
0 1.0 0 0 
1.0 0 0 0 
0 1.0 0 0 
0 1.0 0 0 
0 1.0 0 0 
1.0 0 0 0 
0.999997 0 0 0 
0 1.0 0 0 
0 1.0 0 0 
0 1.0 0 0 
0 1.0 0 0 
0 1.0 0 0 
0 0.99964 0 0 
0 1.0 0 0 
1.0 0 0 0 
1.0 0 0 0 
0 1.0 0 0 
0 1.0 0 0 
0 0.996457 0 0 
0 1.0 0 0 
1.0 0 0 0 
0.998076 0 0 0 
0 1.0 0 0 
0 1.0 0 0 
0 1.0 0 0 
0 1.0 0 0 
1.0 0 0 0 
0 1.0 0 0 
0 1.0 0 0 
0 1.0 0 0 
0.99984 0 0 0 
0 1.0 0 0 
0 0 0.860928 0 
0 0.999848 0 0 
0 0 0 1.0 
0 0 0 1.0 
0.98936 0 0 0 
1.0 0 0 0 
0 0 0 1.0 
0 0 0.518036 0.478638 
0 1.0 0 0 
0 0.552908 0.418448 0 
0 1.0 0 0 
1.0 0 0 0 
0 0 1.0 0 
0 0 0.980184 0 
0 0 0.980184 0 
0.308312 0.691675 0 0 
0 1.0 0 0 
0 0.954911 0 0 
0 1.0 0 0 
1.0 0 0 0 
0 1.0 0 0 
0 1.0 0 0 
0.999998 0 0 0 
0 1.0 0 0 
0 1.0 0 0 
0 1.0 0 0 
0 0.999999 0 0 
0 1.0 0 0 
0 1.0 0 0 
0 1.0 0 0 
1.0 0 0 0 
1.0 0 0 0 
0 1.0 0 0 
1.0 0 0 0 
0 1.0 0 0 
1.0 0 0 0 
0 1.0 0 0 
0 1.0 0 0 
0 1.0 0 0 
0 1.0 0 0 
0 1.0 0 0 
0 0.983465 0 0 
0 1.0 0 0 
0 1.0 0 0 
0 1.0 0 0 
0 1.0 0 0 
0 1.0 0 0 
0 1.0 0 0 
0 1.0 0 0 
0 1.0 0 0 
0 1.0 0 0 
0 0.999999 0 0 
0 1.0 0 0 
0 0 1.0 0 
0 0 0 1.0 
0 0 0 1.0 
0 1.0 0 0 
0 0.999999 0 0 
0 0 0 0.999995 
0 1.0 0 0 
0 1.0 0 0 
0 1.0 0 0 
0 1.0 0 0 
0 1.0 0 0 
0 1.0 0 0 
0 1.0 0 0 
0 0 0 1.0 
0 1.0 0 0 
0 1.0 0 0 
0 0 0.999538 0 
0 1.0 0 0 
0 0 0.999994 0 
0 1.0 0 0 
0 1.0 0 0 
0 1.0 0 0 
0 1.0 0 0 
0 1.0 0 0 
0 1.0 0 0 
0 1.0 0 0 
0 1.0 0 0 
0 0.974879 0 0 
0 1.0 0 0 
0 1.0 0 0 
0 1.0 0 0 
1.0 0 0 0 
0 0 0 1.0 
0.991181 0 0 0 
0 1.0 0 0 
0 1.0 0 0 
0 1.0 0 0 
0 1.0 0 0 
0 1.0 0 0 
0.999989 0 0 0 
0 1.0 0 0 
0 1.0 0 0 
0 0 0 1.0 
0 1.0 0 0 
0 1.0 0 0 
0 0.999911 0 0 
0 1.0 0 0 
0 1.0 0 0 
0 1.0 0 0 
0 1.0 0 0 
0 1.0 0 0 
0 1.0 0 0 
0.396487 0 0 0.603513 
0 1.0 0 0 
0 1.0 0 0 
0 1.0 0 0 
0 1.0 0 0 
1.0 0 0 0 
0 1.0 0 0 
0 1.0 0 0 
0 1.0 0 0 
0 1.0 0 0 
0 1.0 0 0 
0 1.0 0 0 
0 1.0 0 0 
0 1.0 0 0 
0 1.0 0 0 
0 1.0 0 0 
0 1.0 0 0 
0 1.0 0 0 
0 1.0 0 0 
0 1.0 0 0 
0 1.0 0 0 
0 1.0 0 0 
0 1.0 0 0 
0 1.0 0 0 
0 1.0 0 0 
0 1.0 0 0 
0 1.0 0 0 
0 0.984484 0 0 
0 1.0 0 0 
0 1.0 0 0 
0 1.0 0 0 
0 0 1.0 0 
0 0 0 0.983698 
0 1.0 0 0 
0 0 1.0 0 
0.998147 0 0 0 
0 1.0 0 0 
0 0.999998 0 0 
0 0 1.0 0 
0 1.0 0 0 
0 1.0 0 0 
0 1.0 0 0 
0 0 0.999975 0 
0 1.0 0 0 
0 0.999964 0 0 
0 1.0 0 0 
0 1.0 0 0 
0 1.0 0 0 
0 1.0 0 0 
0 1.0 0 0 
0 1.0 0 0 
0 1.0 0 0 
0 1.0 0 0 
0 1.0 0 0 
0 1.0 0 0 
0 1.0 0 0 
0 1.0 0 0 
0 1.0 0 0 
0 0 1.0 0 
0 1.0 0 0 
1.0 0 0 0 
0 0.999998 0 0 
0 1.0 0 0 
0 0.99964 0 0 
0 1.0 0 0 
0 0.999996 0 0 
0 1.0 0 0 
0 1.0 0 0 
0 1.0 0 0 
0 0 0 1.0 
0 1.0 0 0 
0 1.0 0 0 
0 1.0 0 0 
0 1.0 0 0 
0.994183 0 0 0 
0 1.0 0 0 
1.0 0 0 0 
0 1.0 0 0 
0.999965 0 0 0 
0 1.0 0 0 
0 1.0 0 0 
0 1.0 0 0 
0 0 1.0 0 
0 1.0 0 0 
0 1.0 0 0 
0 1.0 0 0 
1.0 0 0 0 
0 1.0 0 0 
0 1.0 0 0 
0 0 1.0 0 
0 1.0 0 0 
0 1.0 0 0 
0 1.0 0 0 
0 1.0 0 0 
1.0 0 0 0 
1.0 0 0 0 
0 0 0.998837 0 
0 0.999982 0 0 
0 1.0 0 0 
0 0 0 1.0 
0 0.999999 0 0 
0 0 0 1.0 
0 1.0 0 0 
0 1.0 0 0 
0 1.0 0 0 
0 1.0 0 0 
0 0.999931 0 0 
0 0 0 1.0 
0 0.783987 0 0 
0 1.0 0 0 
0 1.0 0 0 
0 0 0 0.999994 
0 1.0 0 0 
0 1.0 0 0 
0 1.0 0 0 
0 1.0 0 0 
0 1.0 0 0 
0 1.0 0 0 
0 1.0 0 0 
0 0 0 1.0 
0 0 0 0.999998 
0 1.0 0 0 
0 1.0 0 0 
0 1.0 0 0 
0 1.0 0 0 
0 0 0 1.0 
0 1.0 0 0 
0 1.0 0 0 
0 0.357921 0.532333 0 
0 1.0 0 0 
0 1.0 0 0 
0 1.0 0 0 
0 1.0 0 0 
0 0 0.999817 0 
0 0 0 1.0 
0 1.0 0 0 
0 1.0 0 0 
0 1.0 0 0 
0 0 0 0.816226 
0 0 0 0.999969 
0 1.0 0 0 
0 1.0 0 0 
0 1.0 0 0 
0 0 1.0 0 
0 1.0 0 0 
0 1.0 0 0 
0 0.999998 0 0 
0 1.0 0 0 
0 1.0 0 0 
0 1.0 0 0 
0 0.967325 0 0 
0 0.958603 0 0 
0 0.999578 0 0 
0 0.506715 0.491953 0 
0 0 1.0 0 
0 1.0 0 0 
0 0.968266 0 0 
0 1.0 0 0 
0 1.0 0 0 
0 1.0 0 0 
0 0 0 0.999998 
0 1.0 0 0 
0 1.0 0 0 
0 1.0 0 0 
0 1.0 0 0 
0 1.0 0 0 
0 0 0 1.0 
0 0.994497 0 0 
0 1.0 0 0 
0 1.0 0 0 
0 1.0 0 0 
0 1.0 0 0 
0 1.0 0 0 
0 0.74893 0 0 
0 1.0 0 0 
0 0 0.999719 0 
1.0 0 0 0 
0 1.0 0 0 
0 0 1.0 0 
0 1.0 0 0 
0 1.0 0 0 
0 1.0 0 0 
0 1.0 0 0 
1.0 0 0 0 
0 1.0 0 0 
0 1.0 0 0 
0 1.0 0 0 
0 1.0 0 0 
0 1.0 0 0 
0 1.0 0 0 
0 1.0 0 0 
0 0 0.990875 0 
0 0 0 0.932367 
0 0 0 1.0 
0 1.0 0 0 
0 0.695555 0 0 
0.999962 0 0 0 
0 0 1.0 0 
0 1.0 0 0 
0 0 1.0 0 
0.687662 0 0.312329 0 
0 0 1.0 0 
0 1.0 0 0 
0 0 1.0 0 
0 0 1.0 0 
0 0 1.0 0 
0 0.960934 0 0 
0 0 1.0 0 
0 0.995902 0 0 
0 0 1.0 0 
0 1.0 0 0 
0 0 1.0 0 
0 0 1.0 0 
0 0 0.840256 0 
0 0 1.0 0 
0 0 1.0 0 
0 0 0 1.0 
0 0 1.0 0 
0 0 1.0 0 
0 0 1.0 0 
1.0 0 0 0 
0 0 1.0 0 
0 0 0.999995 0 
1.0 0 0 0 
0 0 1.0 0 
0 1.0 0 0 
0 0 1.0 0 
0 0 1.0 0 
0.980385 0 0 0 
0 0 0.793429 0 
0 0 0.999984 0 
0 0 1.0 0 
0 0 0 1.0 
0 0.891415 0 0 
0 0 1.0 0 
0 0 1.0 0 
0 0 0 0.999999 
0 0 1.0 0 
0 0 1.0 0 
1.0 0 0 0 
1.0 0 0 0 
0 0 1.0 0 
0 0 1.0 0 
0 0.996733 0 0 
0 0 0.754073 0 
0 0 1.0 0 
1.0 0 0 0 
0 1.0 0 0 
0 0 1.0 0 
1.0 0 0 0 
0 0 1.0 0 
0 0 1.0 0 
0 0 1.0 0 
0 0.999989 0 0 
0 0 1.0 0 
1.0 0 0 0 
1.0 0 0 0 
0.999974 0 0 0 
0 0 0.999993 0 
0 0 1.0 0 
0 0 1.0 0 
0.948875 0 0 0 
0 0 0.380764 0.619063 
0 0 0.943818 0 
0 1.0 0 0 
0 0 1.0 0 
0 1.0 0 0 
0.999845 0 0 0 
0 0 1.0 0 
0 0 1.0 0 
0 0 1.0 0 
0 0 1.0 0 
0 0.951566 0 0 
0 0 1.0 0 
1.0 0 0 0 
0 0 1.0 0 
0 0 0.997603 0 
0 0 0.999999 0 
0 0 0.999996 0 
0.999906 0 0 0 
0 0 1.0 0 
0 0 1.0 0 
0 0.999991 0 0 
0 0 1.0 0 
0 0 1.0 0 
0 0 1.0 0 
0 0.99543 0 0 
1.0 0 0 0 
0 0 1.0 0 
0 0 1.0 0 
0 0 1.0 0 
0 0 1.0 0 
0 0 1.0 0 
0 0 1.0 0 
0 0 1.0 0 
1.0 0 0 0 
0 0 1.0 0 
0 0 1.0 0 
1.0 0 0 0 
0 0 1.0 0 
0 0 0.836325 0 
0.999997 0 0 0 
0 0 1.0 0 
0 0 1.0 0 
0.57954 0.42046 0 0 
0 0 1.0 0 
0 0 1.0 0 
0 0 1.0 0 
0.999989 0 0 0 
0 0 1.0 0 
1.0 0 0 0 
0 0 1.0 0 
0 0 0 1.0 
0 0 1.0 0 
1.0 0 0 0 
0 0 1.0 0 
0 0 1.0 0 
0 0 1.0 0 
1.0 0 0 0 
0 0 1.0 0 
0 0 1.0 0 
0 0 1.0 0 
0 0 0 1.0 
0 0 1.0 0 
0 0.99989 0 0 
0 0 1.0 0 
0 0 1.0 0 
0 0 1.0 0 
0 0 1.0 0 
0 0 1.0 0 
0 0 1.0 0 
0.926143 0 0 0 
0 0 1.0 0 
0 0 0 1.0 
1.0 0 0 0 
0 0 1.0 0 
0 0 1.0 0 
0 0 1.0 0 
0 0 1.0 0 
0 0 0 0.999996 
0 0.999954 0 0 
0 0.318881 0.681119 0 
0 0 1.0 0 
0 0 1.0 0 
0 0 1.0 0 
0 0 1.0 0 
0 0 0.840555 0 
0 0 1.0 0 
0 0 1.0 0 
0 1.0 0 0 
0 0 1.0 0 
0 0 0.999996 0 
0 0 1.0 0 
0 0 1.0 0 
0 0 1.0 0 
0 0 1.0 0 
1.0 0 0 0 
0 0 1.0 0 
0 0 1.0 0 
0 0 1.0 0 
0 0 1.0 0 
0 0 0.996758 0 
0 0 1.0 0 
1.0 0 0 0 
0 0 0.999999 0 
0 0 1.0 0 
0 0 1.0 0 
0 0 1.0 0 
0 0 1.0 0 
0 0 1.0 0 
0 0 1.0 0 
1.0 0 0 0 
1.0 0 0 0 
0 0 1.0 0 
0 0 1.0 0 
0.367107 0 0 0.632893 
0 0 1.0 0 
0 0 1.0 0 
0 0 1.0 0 
0 0 1.0 0 
0 0.996663 0 0 
0 0 1.0 0 
0 0 1.0 0 
0 1.0 0 0 
0 0 1.0 0 
0 1.0 0 0 
0 0 1.0 0 
0 1.0 0 0 
0 0.967255 0 0 
0 0 0.937102 0 
1.0 0 0 0 
0 0 1.0 0 
0 0 1.0 0 
0 0.999999 0 0 
0 0 1.0 0 
0 0 1.0 0 
0 0 1.0 0 
0.317256 0.649425 0 0 
0 0 1.0 0 
0 0 1.0 0 
0 0 1.0 0 
0 0 1.0 0 
0 0 0.999951 0 
0.99999 0 0 0 
0 0 1.0 0 
0 0 1.0 0 
0 0 1.0 0 
0 0 1.0 0 
0 1.0 0 0 
0 0 1.0 0 
0 0 1.0 0 
1.0 0 0 0 
0 1.0 0 0 
0 0 1.0 0 
0 0 1.0 0 
0 0 1.0 0 
0 1.0 0 0 
0 0 1.0 0 
0 0 1.0 0 
0 0 1.0 0 
0 0.92097 0 0 
0 1.0 0 0 
0 0 1.0 0 
0 0 1.0 0 
0 0 0.999976 0 
0 0 0.999703 0 
1.0 0 0 0 
0 0 1.0 0 
0.999981 0 0 0 
0 0 1.0 0 
0 0 1.0 0 
0 0 1.0 0 
0 0 1.0 0 
0 0 1.0 0 
0 0 1.0 0 
0 0 1.0 0 
1.0 0 0 0 
0 0 1.0 0 
0 0 0.999998 0 
0 0 1.0 0 
0 0 1.0 0 
0 0 1.0 0 
0 0 1.0 0 
0 0 1.0 0 
0 0 1.0 0 
0 1.0 0 0 
0 1.0 0 0 
0 0 1.0 0 
1.0 0 0 0 
0 0 1.0 0 
1.0 0 0 0 
0 0 1.0 0 
0 0 1.0 0 
0 0 1.0 0 
0 0 1.0 0 
0 0 1.0 0 
0 0 1.0 0 
0 0 1.0 0 
1.0 0 0 0 
0 0 1.0 0 
0 0 1.0 0 
0 0 1.0 0 
0 0 1.0 0 
0 0 1.0 0 
0 0 1.0 0 
0 0 1.0 0 
0 0 0 1.0 
0 0 1.0 0 
0 0 0 0.738813 
0 0 1.0 0 
0 0 1.0 0 
0 0 1.0 0 
0 0 1.0 0 
0 0 1.0 0 
1.0 0 0 0 
0 0 1.0 0 
0 0 0 1.0 
0 0 1.0 0 
0 0 1.0 0 
0 1.0 0 0 
0.999751 0 0 0 
0.999251 0 0 0 
0 1.0 0 0 
0 0 0 1.0 
0 0 1.0 0 
0 0 1.0 0 
0 0 1.0 0 
0 0 1.0 0 
0 0 1.0 0 
1.0 0 0 0 
0 0 0.999967 0 
0 0.99556 0 0 
0 0 1.0 0 
0 0 1.0 0 
0 0 0 0.875447 
0 0 1.0 0 
0 0 0 1.0 
0 0 0 1.0 
0 0 1.0 0 
0 0 1.0 0 
0 0 0.999982 0 
0 0 0 0.999528 
0 0.786567 0 0 
0 0 0 0.999997 
0 0 1.0 0 
0 0 1.0 0 
0 0 1.0 0 
0 0 0.999992 0 
0 0 1.0 0 
0 0 1.0 0 
0 0 1.0 0 
0 0 1.0 0 
0 0 1.0 0 
0 0 1.0 0 
0 0 1.0 0 
0 0 1.0 0 
0 0 1.0 0 
0 0.999709 0 0 
0 0 1.0 0 
0 0 1.0 0 
0 0 1.0 0 
0 0 0.924132 0 
0 0 1.0 0 
0.99977 0 0 0 
0 0 1.0 0 
0 1.0 0 0 
0 0 1.0 0 
0 0 1.0 0 
0 0 0 0.987626 
0 0 1.0 0 
0 0 1.0 0 
0 0 1.0 0 
0 0 1.0 0 
0.926602 0 0 0 
0 0 1.0 0 
0 0 1.0 0 
0 0 1.0 0 
0 0 1.0 0 
1.0 0 0 0 
0 0 1.0 0 
0 0 1.0 0 
0 0 1.0 0 
0 0 0 1.0 
0 1.0 0 0 
0 0 0 0.743124 
0 0 1.0 0 
0 0 1.0 0 
0 0 1.0 0 
0 0 1.0 0 
0 0 1.0 0 
0 0 1.0 0 
0 1.0 0 0 
0 0 1.0 0 
0 0 1.0 0 
0 0 1.0 0 
0 0 1.0 0 
0.993683 0 0 0 
0 0 1.0 0 
0 0 0.999976 0 
0 0 1.0 0 
0 0 0 1.0 
0 0 0.999926 0 
0 0 1.0 0 
0 0 1.0 0 
0 0 1.0 0 
0 0 1.0 0 
0 0 1.0 0 
0 0 0 1.0 
0 0 1.0 0 
0 0 1.0 0 
0 0 1.0 0 
0 0 1.0 0 
0 0 1.0 0 
0 0 0.999452 0 
0 0 0 1.0 
0 1.0 0 0 
0 0 1.0 0 
0 0 1.0 0 
0 0 0.927501 0 
0 0 1.0 0 
0 0 1.0 0 
0 0 1.0 0 
0 0 1.0 0 
0 0 1.0 0 
0 0 1.0 0 
0 0 1.0 0 
0 0 1.0 0 
0 1.0 0 0 
0 0 1.0 0 
0 0 1.0 0 
0 0.997727 0 0 
0 0 1.0 0 
0 0 1.0 0 
0 0 1.0 0 
0 0 1.0 0 
0 0 1.0 0 
0 0 1.0 0 
0 0 1.0 0 
0 0 1.0 0 
0 0 0.999999 0 
0 0 1.0 0 
0 0 1.0 0 
0.477521 0 0 0.522479 
0 0 0.999999 0 
0 0 0 1.0 
0.999997 0 0 0 
0 0 0 1.0 
0 0 0 1.0 
0 0 0 1.0 
1.0 0 0 0 
1.0 0 0 0 
0 0 0 1.0 
0 0 0 0.999999 
0 0 0 1.0 
1.0 0 0 0 
0 0 0 0.999998 
0 1.0 0 0 
0 0.335014 0 0.619919 
0 0 0 1.0 
0 0 0 1.0 
0 0 0 1.0 
0 0 0 1.0 
1.0 0 0 0 
0 0 0 1.0 
0 0 0 1.0 
0 0 0 1.0 
1.0 0 0 0 
0 0 0 1.0 
1.0 0 0 0 
0 0 0 0.999995 
1.0 0 0 0 
0 0 0 1.0 
1.0 0 0 0 
0 1.0 0 0 
0 0 0 1.0 
1.0 0 0 0 
0 0 0 0.865856 
0 0 0 1.0 
1.0 0 0 0 
0 0 0 1.0 
0 1.0 0 0 
0 0 0 1.0 
0 0 0 1.0 
0 0 0.988904 0 
0 0 1.0 0 
0 0 0 1.0 
0 0 0.988904 0 
0 0 0 1.0 
0 0 1.0 0 
0 0 0 1.0 
0 0 0 1.0 
0 0 0 1.0 
0 0 0 1.0 
0 0 0 0.999536 
0 0 0 1.0 
0 1.0 0 0 
0 0 0 1.0 
1.0 0 0 0 
0.724341 0 0 0 
0 0 0 1.0 
0 0 0 1.0 
0 0 0 1.0 
0 0 0 1.0 
1.0 0 0 0 
0 0 0.999976 0 
0 0 0 1.0 
0 0.999703 0 0 
0 0 0 1.0 
1.0 0 0 0 
0 0 0 1.0 
0 0 0 1.0 
0 0 0 0.750212 
0 0 0 1.0 
0 0 0 1.0 
0 0 0 1.0 
0.30436 0 0 0.69564 
0 0 1.0 0 
0 0.967172 0 0 
1.0 0 0 0 
0 0 0 1.0 
0 0 0 1.0 
0 0 1.0 0 
1.0 0 0 0 
0 0 0 1.0 
0 0 0 1.0 
0 0 0 1.0 
0 0 0 1.0 
0 0 0 1.0 
0 0 0 1.0 
0 0 0 1.0 
0 0 1.0 0 
0 0 0 1.0 
0 0 0 0.997824 
1.0 0 0 0 
1.0 0 0 0 
0 0 0 0.997824 
1.0 0 0 0 
0 0 0 0.999979 
0 0 0 0.999966 
0 0 0 1.0 
0 0 0 1.0 
0 0 0 1.0 
0 0 0 0.998288 
0 0 1.0 0 
0 0 0.999476 0 
0 0 0 1.0 
1.0 0 0 0 
0.999757 0 0 0 
0 0 0 1.0 
1.0 0 0 0 
0.999757 0 0 0 
0 0 0 1.0 
0 0 0 1.0 
0 0 0 1.0 
0 0 0 0.999966 
0 0 0 1.0 
0 1.0 0 0 
0 0 0 0.998796 
0 0 1.0 0 
0 1.0 0 0 
0.999998 0 0 0 
0 0 0 1.0 
0 0 0 1.0 
0 0 0 0.938283 
0 0 0 1.0 
0 0 0 1.0 
0 1.0 0 0 
0 0 0 1.0 
0 0 0 1.0 
0 1.0 0 0 
0 0 0 1.0 
0 1.0 0 0 
1.0 0 0 0 
0 0 0 1.0 
0 0 0 0.773695 
0 0 0 1.0 
0 0 0 1.0 
0.999186 0 0 0 
0 0 0 1.0 
0 0 0 1.0 
1.0 0 0 0 
0.999935 0 0 0 
0 0 0 1.0 
0 0 0 0.997972 
0 0 0 1.0 
0 0 0 1.0 
0 0 0 1.0 
0 0 0 1.0 
0 0 0 1.0 
0 0 0 1.0 
0 0.999984 0 0 
0 0 0 1.0 
0 0 0 1.0 
0 0 0.996463 0 
0 0 0 0.999936 
0 0 0 0.999978 
1.0 0 0 0 
0 0 0 1.0 
0 0 0 1.0 
0 1.0 0 0 
0 0 0 1.0 
0 0.970523 0 0 
0 0 0 0.989289 
0 0 0 1.0 
1.0 0 0 0 
0.999556 0 0 0 
0 0.970523 0 0 
0 0 0 0.999998 
0 0 0 1.0 
0 0 0 1.0 
0 0 0 0.996461 
0 0 0 1.0 
0 0 0 1.0 
0 0 0 1.0 
0 0 0 1.0 
0 0 1.0 0 
0 0 1.0 0 
0 0 0 1.0 
0 0 0 1.0 
0 0 0 1.0 
0 0 0 1.0 
0 0 0.766958 0 
0 0 0 1.0 
0 0 0 1.0 
0.999918 0 0 0 
0 0 0 1.0 
0 1.0 0 0 
0 0 1.0 0 
0 0 0 1.0 
0.99999 0 0 0 
0 0 0 1.0 
0 0 0 1.0 
0 0 0 1.0 
0 0 0.998329 0 
0 0 0 1.0 
0 0 1.0 0 
0 0 0.994005 0 
0 0 0 1.0 
0 1.0 0 0 
0 1.0 0 0 
0 0 0 1.0 
0 0 0 1.0 
0 0 0 1.0 
0 0 0 1.0 
0 0 0 1.0 
0 0 0 0.970638 
0 0 0 1.0 
0 0 0 1.0 
0 0 1.0 0 
0 0 0 0.970638 
0 0 0 0.993738 
0 0 0 1.0 
0 0 0 1.0 
0 0 0 1.0 
0 0 0 1.0 
0 0.99959 0 0 
0 0 0 0.999955 
0 0 0.450584 0.549416 
0 0 0.999275 0 
1.0 0 0 0 
0 1.0 0 0 
0 0 0 1.0 
0 0 0 1.0 
0 0 0 0.999615 
0 0 1.0 0 
0 0 0 1.0 
0 0 0 1.0 
0 0 0 1.0 
0 0 0 1.0 
0 0 0 1.0 
0 0 0 1.0 
0 0 0 0.999997 
0 0 0 1.0 
0 0 0 1.0 
0 0 0 1.0 
0 0 0.999995 0 
0 0 0 1.0 
0 0 0 1.0 
0 0 0 0.999664 
0 0 0.660861 0 
0 0 0.997577 0 
0 0.989309 0 0 
0 0 0 1.0 
0 0 0 1.0 
0 0.994833 0 0 
1.0 0 0 0 
0 0 0 0.999263 
0 0 0 1.0 
0 0 0 1.0 
0 0 0 1.0 
0 0 0 0.999989 
0 0 1.0 0 
0 0 0 1.0 
0 0 1.0 0 
0 0 0 1.0 
0 0 0 1.0 
0 0 0 1.0 
0 0 0 0.999995 
0 0 0 1.0 
0 0 0 1.0 
0 0 0 1.0 
0 0 0 1.0 
0 0 0 1.0 
0 0 0 0.948644 
0 0 0 0.999999 
0 0 0 0.980389 
0 0 0 1.0 
0 0 0 1.0 
0 0 0 1.0 
0 0 0 1.0 
0 0 0 1.0 
0 0 0 0.99999 
0 0 0 1.0 
0 0 0 1.0 
0 0 0 1.0 
0 0 0.999007 0 
0 0 0 1.0 
0 0 0 1.0 
0 0 0 1.0 
0 0 0 1.0 
0 0 0 1.0 
0 0 0 1.0 
0 0 0 1.0 
0 0 0 1.0 
0 0 0 0.994931 
0 1.0 0 0 
0 0 0 0.999323 
0 0 0 0.990525 
0 0 1.0 0 
0 0 0 1.0 
0 0 0 1.0 
0 0 0 0.999985 
0 0 0 0.821929 
0 0.995474 0 0 
0 0 0 1.0 
0 0 0 1.0 
0 0 0 1.0 
0 0 0 1.0 
0 0 0 1.0 
0 0 0 1.0 
0 0 1.0 0 
0 0 0 1.0 
0 0 0 1.0 
0 0 0 1.0 
0 0 0 1.0 
0 0 0 0.843597 
